0
699001
992120
2054260
4169688
4685492
5794515
6042551
6418810
6442677
6484138
6499083
8716146
9364878
9695615
9756818
9961191
9973566
10120508
10223682
10416621
10887572
11472064
11479436
11534105
11928873
12130100
12482483
13820581
13973125
14400277
14413764
15042192
15193746
15304247
15744204
15791542
15911889
16764078
17165987
17235605
17262055
17269848
17666658
18027141
18544872
18679654
18776334
18998851
19053748
19282746
19665652
19791765
20311519
20634135
20656808
20709227
21229800
21256703
21292720
21319830
21803032
21912402
22060324
22152989
22414735
22568947
22814351
23464956
23746218
23896823
24519860
24629504
24885271
25068135
25196241
25419572
25711726
25729919
25875597
26117127
26270232
26663599
26895000
27631219
27795891
27798685
27823480
27955319
27970051
28058941
28790672
28835512
28921930
29062489
29176286
29188068
29349729
29600685
29667289
30054583
30075661
30488818
30885029
30954314
31100139
31143100
31326482
31416878
31638711
31870058
32715283
32742696
32821697
32994709
33005046
33600735
33624444
33666812
33809243
33923969
34083607
34105036
34226600
34289387
34433138
34616207
34727436
34901848
35072762
35094709
35187863
35289263
35316668
35558046
35629255
35657392
36129422
36156886
36219082
36728847
37091549
37365871
37462132
37544858
37714252
37802388
38170254
38200520
38327420
38366620
38643108
38651532
38664973
38756653
38830878
39582966
39918203
40160032
40337017
40469867
40803362
40854282
40929466
41065398
41070267
41184874
41228251
41260572
41267816
41270476
41298052
41360562
41736271
41837785
42026003
42104688
42408371
42453395
42755012
42825148
42860779
42864655
42904478
43067389
43095285
43202186
43274099
43428767
43512077
43682172
43708631
43905166
43999929
44082384
44248096
44321524
44348060
44361521
44405665
44443511
44506676
44549733
44644712
44956563
45034961
45112690
45158462
45190744
45343674
45542089
45663630
45702235
45734890
45796758
46120102
46185356
46475513
46607472
46722463
46830594
46933897
46956189
46963387
47152625
47391772
47444404
47545633
47594378
47663921
47687326
47797775
47943207
48009495
48255410
48263764
48308402
48435497
48530639
48592404
48627319
48668886
48761788
48955397
49060908
49078135
49223488
49297795
49301285
49303232
49426413
49723000
49883898
49908874
50144608
50164234
50286588
50355541
50366542
50492136
50864712
51030874
51079465
51310195
51949924
51960130
51988333
52040276
52122686
52151024
52364886
52571984
52714213
52780915
52883442
53036838
53109470
53231593
53380993
53447874
53458756
53704584
53813715
54088398
54106809
54267973
54270498
54303891
54378754
54456807
54555367
54671932
54812946
54821421
54831327
54864759
55034049
55173568
55467528
55493243
55595180
55610399
55689711
55744460
55753738
55980188
56049055
56099833
56123478
56488045
56496089
56562411
56587432
56723458
56741463
57009736
57079176
57149328
57558708
57741914
57828829
57870640
57881867
57886896
57955205
58060139
58183898
58212143
58240816
58317085
58421802
58437949
58559623
58717149
58839222
58964986
58966014
59059413
59080445
59177372
59343924
59388242
59477203
59490657
59600664
59623345
59745672
59921650
59980729
60013079
60015255
60270737
60286385
60292455
60428547
60466252
60651418
60696754
60765439
60816302
60850852
60858325
60913019
61031190
61073735
61298207
61326358
61351689
61355444
61586577
61600224
61619245
61763149
61878690
62023552
62044015
62080259
62155964
62210708
62467366
62540971
62609883
62625091
62743703
62762486
62805128
63033552
63052744
63101373
63225638
63244805
63367991
63370833
63725958
64093257
64106481
64132558
64216558
64415465
64439022
64505120
64571827
64581870
64779430
64858045
64902090
65015420
65104212
65442506
65477362
65627361
65666464
65761716
66047674
66078180
66270904
66336501
66393112
66499323
66527993
66777218
66987065
67117454
67202728
67287977
67305708
67339617
67381618
67507283
67515279
67633194
67740286
67786924
67850591
67884930
67899502
67988380
68209849
68276946
68322978
68373576
68548227
68736066
68818265
69049354
69169197
69241975
69283098
69412931
69417470
69578405
69617582
69666681
69680933
69713015
69897746
69964146
70022793
70074123
70081814
70167671
70344114
70367507
70388060
70428330
70464650
70625840
70774213
70788962
70830962
71152161
71159443
71196693
71199939
71263375
71273691
71290654
71366417
71384461
71393385
71547912
71585216
71586651
71675519
71828493
71857572
71875179
72068923
72081941
72098371
72445249
72464588
72746866
72775959
72906992
73232209
73304185
73338335
73436886
73702138
73724401
73795463
73879865
73997903
74018333
74089204
74110167
74127216
74144027
74172616
74209770
74426835
74627414
74655593
74826486
74829821
74929244
75064525
75083358
75115647
75169691
75181762
75199704
75527137
75561652
75662236
75833621
75858389
75875287
75885719
75949241
76118740
76121037
76271975
76512963
76519464
76587424
76628078
76637498
76644553
76650213
76740119
76918215
77391925
77496900
77625758
77650116
77712199
77778414
77801204
78129291
78328345
78549310
78891466
78897313
78938775
79107299
79129986
79182304
79201106
79225477
79395665
79425068
79578588
79646202
79830122
79842743
79863789
79879397
79931052
79932813
79973364
80312617
80371403
80515721
80518428
80842990
80873757
81114952
81364461
81449667
81484709
81654266
81751965
81951090
81973077
82024436
82134298
82180913
82316370
82371969
82419563
82528815
82562887
82599711
82783329
82785601
82924292
82935287
82947564
82975533
83025384
83253377
83402476
83492298
83519513
83530682
83542186
83714925
83831072
83883577
83952604
84007107
84041995
84131201
84215370
84266593
84337580
84409233
84419905
84452087
84457239
84597939
84643130
84733472
85075553
85220010
85226869
85430765
85656875
85706760
85750204
85779113
86013253
86111469
86163209
86201894
86248162
86270946
86356469
86449468
86470543
86484936
86528290
86551363
86626157
86756504
86831248
86977769
87073656
87074753
87091188
87245435
87427947
87440793
87476849
87539717
87580233
87677566
87706143
87733487
87740252
87777924
87812774
87924852
87991951
88057112
88205593
88338634
88465487
88488306
88503764
88596798
88642871
88748479
88831293
88893661
88894356
89396077
89398863
89434239
89497721
89510883
89577974
89736613
89737331
90040082
90138069
90190199
90234081
90266212
90282919
90531706
90599422
90699459
90731031
90768226
90835658
90963820
90999402
91109641
91118917
91130605
91279510
91318009
91659569
91721151
91730154
91811982
91957764
92081438
92095999
92251547
92419961
92453340
92461160
92591068
92709452
92762151
92796883
92829374
92839378
92854956
92873308
92937970
92946218
92955309
93083312
93110186
93119662
93139978
93186069
93409333
93415445
93453387
93506593
93518307
93541612
93593194
93594601
93670062
93702875
93803239
93906834
93970045
94001095
94045103
94075542
94095554
94111102
94213777
94281520
94287774
94289799
94478857
94552224
94599043
94724670
94786556
94849554
94882731
94955616
95058442
95092246
95271368
95364768
95395648
95432056
95478299
95643789
95678085
95810347
95840264
95887879
95948598
96004649
96034359
96051883
96133167
96188639
96227864
96278274
96336824
96406045
96425147
96656125
96683170
96760352
96801116
96855090
96926771
97079520
97097251
97361523
97393816
97480281
97491388
97548553
97566164
97571368
97610190
97723625
97746947
97785837
97926262
97955146
98142762
98173216
98270533
98365918
98579057
98633317
98639234
98673738
98767330
98789656
98842818
98991470
99066602
99091108
99093029
99101519
99207415
99216807
99261128
99303759
99321087
99366432
99370952
99405536
99438506
99522513
99549368
99571092
99584297
99588012
99599468
99600519
99621284
99634272
99660340
99684219
99762543
99969586
100069823
100170241
100245889
100282580
100311413
100345525
100367073
100385477
100509125
100510775
100529733
100668381
100716580
100730831
100752755
100811811
100855403
100862692
100984283
101269119
101300889
101313683
101363014
101415893
101660415
101734233
101742004
101792993
101917884
101981171
102002041
102071160
102199926
102204199
102229658
102304223
102372879
102380543
102406060
102463905
102476948
102566737
102612563
102654152
102691657
102756018
102815078
102873282
103071726
103191235
103203430
103219013
103220495
103259341
103307153
103496168
103526267
103647073
103684865
103738604
103904615
103956228
103981635
104052606
104079902
104186418
104210292
104216098
104269864
104293331
104405269
104478205
104534329
104560673
104619335
104675097
105008929
105039344
105081864
105083828
105137907
105152487
105197583
105289642
105295207
105397110
105448783
105510765
105637061
105742309
105755107
105761307
105778823
105954882
106040536
106043444
106079684
106090292
106101067
106175469
106184013
106225387
106391845
106446681
106474941
106497943
106622476
106677039
106726167
106744286
106746264
106764769
106860154
106940324
106965299
106971381
107037161
107051862
107117089
107193166
107258065
107300178
107360056
107406316
107457447
107464176
107537181
107622114
107811108
107817937
107926587
108170321
108211323
108561051
108569996
108577847
108598027
108626336
108632855
108949214
109028488
109099247
109112679
109305026
109332095
109338572
109349718
109424880
109427931
109488001
109570213
109588303
109589605
109720192
109759993
109853943
109913706
109941496
109947124
109971807
109979509
109991225
110057640
110061446
110126660
110146783
110155071
110197250
110255735
110261393
110418400
110452723
110529497
110536019
110560912
110573667
110620673
110675108
110847180
110872846
110960830
110990464
111062322
111102487
111157853
111323424
111420233
111429476
111478382
111493238
111533766
111559686
111630765
111660056
111745902
111747043
111769492
111849343
111870933
111880831
111894320
112066381
112076272
112267928
112302256
112311088
112378795
112459766
112532161
112668435
112711386
112715187
112885436
112899703
112951227
112953094
113160633
113241994
113257241
113385237
113394256
113527733
113601299
113640726
113690872
113709493
113803616
113840054
113852247
113897821
113934100
113975438
114004699
114063487
114159972
114216794
114237843
114343789
114496828
114518051
114643483
114751458
114858027
114879207
114893388
114938277
114996325
115012113
115064603
115102952
115107602
115139022
115153086
115164598
115170254
115182258
115208917
115254140
115389585
115426931
115606036
115729477
115792028
115807958
115947738
116078207
116228321
116245264
116263576
116439779
116498561
116537271
116559152
116561646
116618653
116758949
116861467
116926132
116961899
117000104
117042834
117126754
117142354
117160035
117205715
117211000
117307330
117450728
117460481
117498030
117574497
117668288
117678624
117713641
117727151
117792503
117801137
117836741
117895586
117992354
118156811
118187847
118207481
118233135
118242995
118261187
118430613
118441050
118614292
118640191
118838628
118905071
118915061
118938108
118939116
118960980
118965516
118987646
119054295
119076714
119188396
119351507
119499579
119682550
119683932
119699335
119723970
119795040
119818550
119829145
119883118
119923910
120087662
120134178
120140718
120182262
120186136
120268676
120298380
120363444
120393591
120428243
120488152
120546041
120686841
120695165
120742964
120750108
120925341
120968288
120972383
121122436
121314276
121455891
121476998
121495267
121496239
121519373
121545185
121613661
121628229
121819456
121840778
121885307
121907889
122006292
122012420
122021304
122048020
122132101
122142771
122145314
122157948
122181721
122246226
122256975
122276432
122291677
122351630
122382313
122394779
122401603
122467792
122524362
122714458
122746945
122899486
122973457
123087103
123118456
123212631
123214963
123225553
123300405
123319621
123442460
123693466
123700426
123715354
123725946
123745611
123780494
123833369
123842144
123882061
123914237
123960088
124165783
124426213
124433193
124489028
124510024
124533138
124647899
124684680
124752706
124774888
124891671
124920362
124994999
125023440
125029624
125063478
125095343
125134578
125219052
125249284
125406154
125410861
125438955
125471818
125550083
125569592
125624757
125660907
125675002
125689163
125710819
125767103
125843166
125884433
125894667
125900380
125901456
125933593
125982567
126060061
126093181
126121847
126136926
126148867
126229170
126289483
126292525
126300920
126399544
126422982
126486165
126529806
126567007
126647659
126702514
126846367
126937590
126962309
127083829
127192621
127357151
127395161
127452529
127528760
127538186
127587970
127813722
127845429
127873691
127884486
127940664
127956435
128063007
128159061
128188532
128208996
128273547
128310596
128333253
128364997
128378419
128543393
128730863
128736189
128752662
128761136
128780207
128784797
128801017
128852700
128890798
128935445
128962899
128976105
129003349
129223897
129332346
129338709
129386437
129393159
129487182
129504086
129514810
129556250
129590385
129721164
129739796
129748551
129760838
129818071
129926107
129993971
130065506
130109322
130146745
130213756
130371988
130409786
130446472
130451898
130456671
130488530
130531734
130561733
130623474
130672454
130675299
130755107
130775888
130780980
130843690
130873689
130909764
130941952
130969826
131004546
131035306
131082462
131108398
131123815
131213259
131228384
131345837
131386426
131416610
131420445
131452856
131498776
131673790
131680450
131698516
131706479
131708408
131764813
131865755
131984308
132026354
132111165
132134756
132141221
132189279
132236060
132282861
132297581
132364773
132505732
132520033
132534967
132556429
132636812
132646450
132684867
132728178
132741870
132826641
132843861
132885908
132915845
132920820
132933039
132935653
132969027
132973773
133147659
133283045
133287889
133301706
133516218
133578248
133579995
133593233
133677656
133730185
133731797
133858280
133889477
133991872
134079121
134093823
134107879
134202272
134388366
134439750
134458714
134514517
134517859
134532008
134611451
134679604
134705210
134804906
134868516
134894135
134910521
134960253
135001694
135008852
135072840
135137693
135151341
135154132
135218766
135237624
135249864
135318214
135361737
135386513
135422138
135487321
135532274
135554166
135598436
135640525
135679798
135687799
135746447
135790427
135812150
135814575
135847517
135851906
135883953
135896517
135958714
136001609
136093357
136198429
136233230
136267829
136357316
136370885
136418193
136462108
136515428
136601489
136644444
136700037
136972196
137183250
137244848
137303207
137390397
137408318
137424091
137479855
137598240
137604614
137624495
137627651
137656103
137712305
137907273
137935703
138017614
138028739
138084883
138172343
138200657
138278054
138307260
138386063
138393526
138411665
138449535
138510649
138530639
138531847
138625272
138633342
138644112
138723881
138741768
138807733
138817078
138921560
138999583
139041733
139053066
139077092
139090694
139095364
139157222
139234152
139255611
139301254
139353957
139432813
139452920
139493261
139585153
139617969
139626538
139637826
139755828
139862156
139880513
139924540
139952316
140032915
140045484
140058594
140063487
140269051
140384606
140390890
140408977
140433755
140460995
140486207
140493044
140522647
140534750
140595009
140607820
140648112
140663963
140736407
140850404
140915116
140928221
140995057
141050435
141149048
141301147
141308744
141330389
141373635
141386990
141489750
141493137
141528794
141541735
141550105
141722680
141745046
141839108
142059996
142144930
142153861
142252955
142334006
142354104
142397759
142433413
142434583
142468180
142532398
142544639
142751212
142839080
142861666
142953850
143022048
143031065
143092873
143095623
143130569
143154952
143275128
143343883
143509091
143572214
143574458
143705253
143717137
143799544
143827843
143919780
143978243
143999570
144002680
144021668
144268242
144324609
144412574
144453898
144461281
144490357
144535117
144538559
144552009
144566745
144575214
144585489
144599085
144602375
144635099
144648805
144744435
144794962
144939218
144973873
144995408
145005914
145104795
145108683
145129464
145169605
145200079
145262196
145358107
145418806
145430909
145441028
145450326
145498449
145563467
145604458
145617597
145657026
145660631
145696212
145710559
145735488
145784449
145804264
145884954
145929454
145934838
145936508
145952595
145980225
146139788
146171131
146209391
146304775
146336255
146388348
146414242
146485295
146497745
146524567
146540641
146557038
146612564
146621123
146624597
146828846
146984514
146987762
147081192
147116479
147162652
147169861
147218250
147222649
147296121
147437084
147507614
147671871
147757422
147957718
147972390
147985017
148017445
148026475
148057500
148064380
148133489
148216549
148283579
148318596
148448392
148451447
148471797
148497210
148519856
148558891
148604448
148636475
148656867
148672406
148776240
148788968
148849082
148857386
148951999
149028799
149040719
149067468
149154271
149223533
149255174
149266529
149295028
149306349
149309878
149324678
149343190
149435472
149482668
149490337
149513851
149556968
149591424
149613710
149682414
149803168
149841831
149899740
150024932
150037611
150069015
150085563
150119768
150258984
150274130
150291950
150325204
150428430
150512837
150599212
150688089
150774763
150786751
150789032
150842039
150859351
150873427
150955832
150970081
151008804
151014622
151052362
151063829
151106716
151129854
151156688
151235178
151314193
151360673
151415628
151421673
151474031
151624231
151648240
151695096
151702028
151710061
151753737
151793431
151873939
151893853
151929177
152004650
152037623
152117202
152149543
152204106
152206533
152235020
152262303
152272783
152275893
152318494
152358805
152428949
152452025
152477661
152480773
152561469
152592901
152615606
152654860
152657532
152687252
152918662
152927313
152933458
152941057
152960435
152987626
152989532
153022075
153064571
153077124
153133230
153178529
153228647
153234605
153330274
153452235
153545494
153651505
153681613
153690070
153754508
153756949
153763928
153831869
153852315
153858578
153883127
153911171
153950140
153981298
154007936
154040215
154111104
154113191
154168740
154225977
154260306
154269685
154298046
154389528
154397200
154405301
154455953
154470230
154503404
154505670
154515931
154519409
154577552
154579730
154597106
154614579
154681690
154718642
154795655
154833548
154895957
154947466
154966761
154983812
155043956
155070838
155106600
155118338
155121678
155176574
155204289
155207076
155267997
155279015
155311963
155335867
155369613
155420186
155458934
155526257
155595095
155605849
155636167
155657171
155831091
155903865
155914323
155997102
156032584
156081030
156134094
156138324
156144041
156153034
156156150
156262198
156369339
156470065
156519140
156703696
156711694
156825178
156833633
156871367
156910503
156949351
156954836
156998288
157000790
157047564
157138958
157145382
157162599
157180104
157214527
157245256
157277833
157316850
157323684
157349658
157416518
157461337
157500638
157517758
157558232
157604751
157606727
157683740
157687689
157758460
157788661
157858621
158016501
158071757
158147045
158160607
158230869
158247676
158268784
158273579
158337106
158358229
158375492
158381419
158412474
158449715
158468743
158488761
158520645
158589625
158598082
158643622
158707466
158785351
158831636
158883684
158887713
158895311
158900444
159021613
159086451
159124395
159180529
159182802
159220343
159225395
159232406
159274289
159299656
159362767
159377985
159399977
159417140
159454040
159469063
159477521
159480516
159555928
159572002
159604284
159628045
159641135
159685417
159711354
159781224
159807541
159887938
159898432
159995577
160153999
160171506
160222782
160229796
160339432
160385074
160389544
160394591
160402746
160456445
160515369
160550532
160552282
160566905
160667211
160791666
160837449
160859491
160956650
160967563
160981695
160991460
160997653
161007329
161097149
161123483
161251094
161255520
161292532
161320531
161521193
161584053
161625036
161662843
161667722
161719069
161731494
161763810
161766275
161853342
161928121
161997233
162009767
162037091
162063515
162085861
162107940
162109978
162116087
162175303
162193798
162197080
162238153
162296681
162310175
162331312
162361282
162452134
162495193
162605412
162609854
162658705
162784551
162808810
162810887
162817668
162852991
162917743
162934010
163114255
163150261
163176735
163183885
163276720
163295241
163422090
163454807
163462993
163466314
163513519
163523890
163637844
163689102
163701310
163762405
163800353
163823014
163824767
163828380
163871126
163888308
163932063
163956549
163964642
164023210
164100465
164188899
164200515
164249448
164261008
164316010
164344006
164352611
164357352
164360003
164526827
164650649
164737801
164769018
164771766
164786844
164792802
164807798
164998779
165012030
165018271
165025733
165056735
165095360
165124367
165158490
165202738
165231672
165243339
165313957
165335296
165428228
165441058
165463802
165502418
165521546
165523588
165562225
165566611
165574991
165588452
165595951
165626658
165642991
165700638
165747086
165809536
165904697
165956710
165972619
165976256
166083681
166093814
166125499
166160365
166170698
166257657
166307584
166370632
166376096
166382920
166393047
166435092
166438206
166505969
166618867
166677675
166702246
166734006
166798948
166897726
166910253
166919741
167085294
167086011
167116484
167170269
167251981
167269257
167310506
167384114
167390507
167406611
167412491
167448814
167472719
167510757
167536420
167596983
167629867
167677804
167696590
167733139
167869497
167993825
168002219
168008091
168015979
168044659
168050123
168055560
168086550
168110364
168116753
168132031
168137862
168241964
168277021
168303921
168346180
168391298
168425855
168445831
168447724
168585304
168656787
168709546
168767719
168779655
168802882
168859089
168892054
168929541
168940642
168975919
169010787
169068158
169109826
169116330
169155615
169224169
169230820
169260553
169311350
169332397
169345532
169354249
169377170
169430321
169442754
169473309
169590387
169780197
169798023
169862561
169884798
170000077
170078555
170159741
170164242
170172024
170368200
170387819
170459808
170477029
170485876
170576614
170589583
170657372
170660309
170724992
170762377
170774296
170796178
171011551
171014642
171034340
171039624
171170870
171178444
171180500
171184746
171187269
171194944
171214669
171272518
171354072
171366927
171556660
171557209
171653886
171664318
171765060
171795818
171807123
171828066
171835917
171908791
171921506
172017475
172064660
172227796
172228848
172233692
172241181
172247211
172309818
172317769
172374589
172409112
172439695
172447522
172495739
172506932
172529652
172534197
172562551
172605620
172649509
172717307
172735307
172758473
172777350
172786588
172814991
172816764
172920521
172940088
172941393
173037938
173100083
173123619
173177906
173190602
173208735
173213829
173268983
173276958
173360661
173460864
173492854
173520561
173528726
173546562
173553336
173574426
173700018
173778050
173852413
173936100
173937203
174021584
174071789
174107851
174232665
174260348
174262395
174283561
174329205
174331062
174334885
174348598
174378335
174397567
174439928
174463631
174475908
174485468
174498220
174527660
174555463
174583636
174607519
174613123
174618710
174696781
174792419
174803838
174890909
174894147
174952770
174957898
175030164
175039031
175065386
175129214
175154790
175177888
175187432
175275045
175283336
175304315
175332409
175348031
175364434
175374314
175440176
175447264
175521121
175535267
175607182
175618667
175712290
175721600
175815365
175831635
175865447
175895976
175961240
175963254
176069599
176109139
176197387
176265313
176268753
176293224
176321348
176324498
176377697
176429636
176529768
176537715
176540911
176560841
176564104
176594763
176618771
176626176
176672370
176692500
176705193
176736385
176800207
176802051
176841052
176884314
176891737
176899904
176925404
177012110
177058354
177109387
177121148
177143406
177206931
177252205
177313297
177370870
177392648
177496896
177499878
177515436
177581737
177592198
177600328
177675676
177679901
177693755
177727111
177742040
177750505
177783717
177811759
177821421
177841949
177856235
177867578
177889426
177922516
178009452
178032574
178033555
178049850
178067414
178117891
178128498
178186963
178213716
178270493
178410450
178418761
178544869
178585512
178628953
178676064
178681239
178783417
178891993
178910272
178928710
178941044
178988415
179007994
179022069
179029411
179108928
179154776
179204281
179227377
179286747
179365282
179402233
179483893
179531921
179591284
179648050
179671517
179724653
179731540
179779401
179793377
179828335
179831106
179834946
179843143
179871531
179907936
180097500
180117274
180142125
180163018
180175973
180300441
180315437
180319769
180472672
180540001
180585671
180603553
180620287
180638449
180750702
180838802
180859639
180934293
180936744
180981406
180981986
181000875
181028954
181088827
181097479
181119972
181198118
181215184
181223609
181225714
181258163
181297158
181303893
181315691
181348465
181351355
181376266
181404368
181501720
181520388
181526969
181651644
181653472
181693667
181733594
181790162
181929511
181955585
181972951
181994264
182056341
182058059
182083614
182116712
182143471
182229518
182242975
182248011
182323273
182339531
182368392
182431809
182537102
182583081
182594039
182604165
182624462
182630160
182632285
182707193
182768947
182787634
182814321
182890363
182911957
182917726
182990767
183000290
183016752
183022921
183039494
183045910
183061058
183204802
183218035
183237425
183277950
183279436
183290768
183341592
183389080
183419193
183477577
183609758
183622059
183712233
183759504
183772077
183782323
183813577
183830939
183851147
183931304
183934763
183951920
183984565
184021148
184065078
184087259
184159068
184187759
184224539
184271115
184278693
184378381
184429275
184461216
184462206
184504493
184507563
184522464
184525355
184562263
184581546
184590945
184698905
184707635
184770377
184811868
184848476
184908715
184987063
185088304
185184862
185205735
185213399
185222856
185233705
185252479
185259022
185261176
185269572
185279957
185404951
185513205
185513940
185542045
185552461
185554707
185591516
185633216
185634702
185686130
185736157
185767639
185804520
185807113
185872122
185886039
185910066
185920440
186001407
186070384
186081338
186124046
186130000
186211811
186232858
186244605
186274743
186299163
186511351
186548203
186593077
186601603
186635037
186814319
186908513
186938919
186983432
186991859
187013928
187080276
187103879
187253329
187258433
187263612
187340796
187424355
187476410
187519779
187536678
187548166
187623680
187749036
187766179
187819231
187835505
187848974
187866991
187873046
187891518
187903078
187907631
187955443
187980333
188002458
188036752
188101576
188102253
188113388
188160697
188196571
188311734
188333918
188338156
188405167
188424543
188480923
188483417
188522565
188607211
188629082
188633777
188663168
188696466
188701376
188818625
188823076
188837332
188839184
188957225
188979966
188995058
189014501
189054547
189093597
189120222
189155168
189257104
189259649
189283348
189363947
189369822
189421000
189499961
189545822
189587855
189603740
189663729
189674595
189738183
189763814
189792895
189844744
189932125
189952619
189989360
190045527
190137625
190166437
190268867
190284943
190328214
190371393
190390593
190398960
190410088
190602371
190603441
190614300
190641059
190757277
190768735
190789635
190845552
190861257
190873752
190883528
190918789
190926722
190984658
190991554
191005307
191050255
191079874
191147453
191195549
191202769
191228997
191341396
191374640
191554789
191583316
191623852
191660673
191712427
191741172
191785277
191825762
191837786
191867199
191910084
191911593
191971188
192058039
192175816
192330326
192519853
192571646
192579944
192636840
192666975
192675985
192701835
192705289
192732513
192792951
192833335
192853358
192864986
192868395
192870152
192883341
192903167
192952194
192975017
192994233
193049516
193070095
193081295
193086882
193220904
193221912
193283922
193292831
193316934
193330526
193336716
193401720
193460281
193490088
193532927
193603351
193724901
193728823
193761214
193763677
193992044
194036785
194038461
194060294
194082627
194126897
194142627
194197934
194199701
194232452
194277782
194362011
194371761
194441895
194447688
194503442
194508194
194720221
194738814
194824505
194834503
194836897
194918233
194920332
194931518
194968868
194982566
195008616
195079697
195087835
195110712
195115441
195150549
195202491
195350754
195362730
195369836
195391477
195395343
195405683
195425496
195453238
195465452
195477482
195502225
195515576
195522818
195570706
195603281
195677042
195688967
195690612
195707977
195748068
195766133
195809179
195833620
195834529
195859371
195891762
195971663
195992764
196013027
196068404
196070386
196109275
196128077
196147098
196194924
196331273
196399960
196411462
196449047
196458652
196471547
196514885
196551845
196623110
196639763
196650083
196656905
196663569
196707959
196716911
196791168
196820247
196824617
196847009
196856450
196915856
197025524
197059867
197097583
197177720
197272163
197277797
197329929
197330436
197345152
197358947
197417639
197432391
197438760
197464776
197478993
197546071
197553082
197571357
197590737
197688865
197761683
197774700
197807271
197896662
197899537
198139545
198160925
198161988
198182405
198235185
198270509
198272710
198362217
198405669
198480934
198511291
198516920
198546611
198553162
198585068
198588285
198599835
198640774
198732605
198748690
198753617
198773773
198890554
198899514
198940281
198947826
198952162
198971452
198992203
199009849
199021352
199168028
199174223
199260146
199304454
199341368
199356007
199359825
199424167
199433256
199488705
199537898
199675387
199705241
199722882
199776842
199778550
199802009
199813671
199836407
199979499
199980624
200014127
200028719
200100437
200108410
200123716
200157575
200169167
200174603
200189410
200210439
200237223
200271264
200272914
200278711
200305759
200326660
200333589
200351846
200375335
200430372
200441966
200444897
200455192
200474618
200645847
200778517
200843479
200856346
200898262
200918352
200940298
200950440
200958730
200960833
201003728
201044010
201067771
201139782
201140911
201147120
201235516
201245224
201272928
201347456
201436616
201495735
201536431
201580546
201588475
201620149
201695837
201756206
201820824
201867069
201875242
201880472
201889255
201914603
201950651
202041774
202083919
202089446
202144389
202228900
202268438
202395667
202401889
202474978
202488752
202531447
202556511
202573891
202580514
202622491
202700063
202736936
202769468
202774869
202778470
202780487
202804887
202807405
202810740
202831197
202856107
203045152
203067759
203170494
203171868
203207332
203303214
203306383
203334705
203356795
203360222
203362047
203426206
203442026
203444129
203447487
203462736
203502570
203616221
203661234
203670544
203761220
203793024
203824174
203836944
203893068
203899145
203906551
203910586
203929928
203947045
203947947
203960956
203978559
203994839
204035262
204052137
204058165
204088104
204112727
204132163
204280583
204291758
204329209
204334949
204361595
204362566
204377350
204382676
204435590
204440025
204457165
204488859
204502442
204585685
204597123
204631089
204714215
204737781
204744204
204770112
204802270
204841555
204844215
204907184
204938351
204946227
204957169
204959748
204975848
204995157
205026447
205094827
205099022
205146258
205169305
205186145
205225319
205286159
205311056
205331096
205353815
205501993
205512930
205584857
205599441
205623494
205653064
205669445
205674220
205784294
205791467
205794056
205821523
205885601
205900977
205974702
205979308
206051347
206092991
206117414
206257546
206291725
206293442
206332220
206365029
206449725
206483789
206502611
206505782
206517500
206535754
206587859
206635619
206671182
206677398
206699138
206734268
206744009
206748166
206764075
206788892
206817045
206856437
206865160
206868971
206906134
206927539
206934961
206939162
206993289
206995533
207059560
207068280
207193856
207213359
207214068
207224329
207285948
207306723
207329739
207336697
207390734
207404856
207410164
207481396
207501309
207507762
207661952
207726816
207793972
207811003
207819952
207867956
207994148
207997237
208006587
208041551
208053929
208078394
208115523
208136720
208150381
208183677
208217220
208277828
208387787
208397665
208406033
208406814
208440935
208518784
208529952
208566121
208623249
208657802
208676489
208690360
208707739
208717646
208760586
208769491
208824385
208838605
208876176
208927687
208954557
209001828
209055613
209089568
209194182
209231067
209278649
209294146
209307732
209362853
209366275
209373022
209377210
209385371
209399614
209468583
209497488
209499302
209516145
209541685
209625194
209629847
209634309
209695072
209716048
209760524
209767540
209808898
209813200
209875258
209881988
209960716
209964292
209971563
210012660
210046043
210090900
210207920
210223057
210238590
210262102
210283521
210293899
210325577
210367520
210372608
210423107
210432814
210453080
210478580
210514418
210523178
210568468
210589017
210595878
210645192
210693131
210786716
210821354
210836126
210842678
210866971
210868784
210888373
210895713
210948757
210964253
210974521
210980196
210989827
211019579
211021363
211026614
211119248
211133315
211184576
211211701
211215138
211248581
211284388
211331088
211378994
211389546
211477594
211488106
211548619
211588606
211609812
211621137
211627106
211642590
211724477
211805336
211828479
211840785
211875584
211880152
211932104
212001431
212019081
212028794
212030872
212060412
212074046
212077249
212085112
212089781
212092372
212119889
212122143
212139392
212145398
212177167
212189959
212218614
212224909
212290064
212335263
212344157
212362336
212397699
212409613
212426031
212438871
212458026
212517635
212600494
212661817
212716922
212717930
212722528
212733648
212757603
212762948
212772355
212838433
212841782
212845332
212884160
212892595
212973736
213012289
213026716
213041624
213097011
213107112
213113886
213228300
213319076
213340530
213378501
213379328
213395504
213432955
213488951
213506981
213556130
213570576
213640361
213651916
213675915
213695662
213725547
213749614
213763512
213777383
213838997
213855798
213913083
213918505
213938010
213941907
213977932
213982567
214007834
214052480
214080759
214111263
214151275
214157340
214179761
214183365
214200488
214314532
214316217
214342885
214415325
214445240
214589095
214596814
214602001
214623943
214630021
214674837
214696731
214761545
214776245
214785124
214851877
214928118
214932032
214952252
214990222
214993331
215021475
215027006
215082914
215111261
215195527
215229924
215236145
215238932
215248884
215276518
215321983
215342333
215353482
215372868
215383609
215422065
215426780
215480340
215509150
215534393
215604171
215610138
215617925
215680934
215685179
215693684
215699488
215739895
215746302
215752905
215794705
215856053
215945380
215960360
216077984
216117961
216120349
216130979
216163700
216198942
216252167
216260504
216270452
216319758
216321725
216340117
216364260
216377713
216383902
216418854
216455405
216556364
216563074
216579874
216638310
216647346
216662525
216692878
216697219
216706352
216738566
216742526
216752192
216754443
216780038
216826698
216852415
216929974
216938211
216953833
216971332
216981014
216992787
217020426
217028511
217062335
217064000
217108533
217118823
217131655
217148722
217206520
217270933
217293483
217327537
217335443
217341191
217355546
217361757
217387706
217394493
217428022
217481291
217528227
217530973
217540519
217543275
217553917
217565309
217617865
217669902
217690709
217771693
217787331
217883137
217892649
217900126
217912410
217958859
217966758
217979339
218024758
218040335
218042273
218050686
218065341
218066556
218122038
218123338
218142480
218175437
218191971
218287432
218293870
218342841
218345783
218352018
218354241
218362627
218384079
218432422
218434935
218436583
218470871
218526718
218559646
218564849
218620974
218648649
218653184
218666104
218677427
218716562
218726711
218748973
218751502
218778172
218785772
218813913
218837066
218840621
218881475
218914799
218956123
218977074
218988181
218997117
219008901
219023361
219037294
219061561
219087260
219126543
219129467
219136132
219142081
219178383
219186225
219205165
219217407
219223964
219262610
219277752
219317503
219346692
219386513
219506350
219582817
219590340
219636180
219706576
219726966
219762031
219804876
219888013
219892615
219894802
219933049
219969310
219989533
220000339
220010429
220103323
220136687
220154664
220236337
220313074
220322502
220359000
220395529
220416104
220443531
220451227
220454743
220472588
220478243
220480625
220490096
220504845
220642586
220759625
220789623
220802925
220806283
220863155
220895199
220941916
220960552
220974852
220984311
220991136
221011134
221021183
221038001
221068951
221120100
221135307
221202886
221213810
221222740
221241756
221305858
221374638
221391337
221400653
221415584
221430176
221437054
221452907
221482798
221489932
221537209
221544984
221626443
221652964
221656920
221680758
221698117
221737187
221743124
221812069
221816839
221861584
221934148
221942865
221991231
222012576
222017803
222042824
222090920
222165136
222176027
222180862
222220391
222229235
222248119
222285921
222291037
222323914
222334100
222374764
222377029
222378969
222392275
222403213
222435369
222436726
222463928
222475353
222491053
222501649
222512472
222531530
222548537
222605852
222623091
222643170
222657311
222659112
222691557
222720491
222770701
222771660
222817114
222824594
222826596
222874079
222904501
222917506
222921097
222955754
222956586
222964226
222981271
223010099
223048494
223089115
223096607
223113168
223139833
223190309
223196483
223232186
223235726
223285887
223327004
223359174
223381698
223393952
223558556
223572606
223574881
223599475
223640699
223685035
223709867
223738846
223763305
223786737
223797689
223810972
223817270
223905150
223947435
223991487
224035564
224135695
224147125
224208665
224215852
224286537
224303135
224358915
224361657
224365148
224392519
224442170
224469978
224479761
224506237
224514532
224625374
224643972
224680731
224683182
224699518
224724996
224821208
224845208
224849670
224852762
224961588
224966255
224992862
224997929
225021413
225034714
225041341
225090386
225152695
225202521
225206602
225335294
225344988
225360658
225397362
225407416
225446372
225457453
225480803
225506781
225528982
225580776
225600030
225669029
225674865
225715265
225728911
225752443
225764623
225770618
225788869
225796870
225909383
225914273
225920775
225961190
225963558
225999123
226046304
226117659
226134163
226149718
226166887
226196612
226214641
226230114
226233052
226305937
226336396
226342037
226364997
226387671
226465950
226493126
226563128
226584130
226632844
226660325
226664722
226756316
226784378
226836833
226888380
226917478
226945466
226950406
226983280
226995477
226996993
227028634
227088447
227089802
227136791
227186682
227228301
227270095
227290548
227331225
227342804
227358715
227373212
227445065
227470233
227487136
227490443
227520933
227528637
227541412
227600105
227605033
227637388
227655460
227659043
227710483
227748302
227833927
227890066
227968074
227971247
227977107
227983617
227998729
228014007
228039108
228063433
228217712
228221444
228297620
228354128
228372391
228419083
228439794
228502892
228551413
228640606
228646453
228661967
228689966
228759163
228924738
228931898
228954647
229033318
229066585
229132917
229155769
229183410
229218785
229324447
229346484
229459958
229496476
229517523
229528745
229552247
229590897
229601076
229619078
229634775
229648535
229673569
229718095
229720282
229772483
229827258
229875801
229932337
229945619
229990598
230057977
230063145
230159922
230300145
230413488
230438197
230460067
230469327
230485706
230490148
230501457
230507745
230513438
230555136
230582167
230697126
230708508
230713956
230720980
230727374
230760491
230768418
230788719
230810027
230864756
230870529
230961018
230976295
231006170
231013206
231040054
231079784
231144120
231163128
231205334
231222420
231228300
231248017
231287198
231293204
231327393
231390406
231449107
231466739
231482636
231572313
231589753
231592631
231682433
231698002
231750882
231782987
231835857
231875093
231887740
231888900
231963249
231997654
232039479
232076353
232080395
232122150
232131106
232143821
232192270
232218375
232220278
232229609
232248861
232289389
232290684
232322687
232328551
232341090
232375076
232416478
232498520
232506030
232589412
232650121
232706212
232712177
232720379
232723960
232842805
232849708
232851259
232855861
232856606
232896600
232931246
232980614
233003680
233010327
233033651
233048819
233069998
233074364
233104287
233148241
233153160
233155713
233234513
233244109
233278738
233288774
233298728
233305378
233318988
233320254
233326446
233334322
233341972
233348125
233374457
233399898
233429126
233438262
233458365
233476629
233508971
233523425
233617572
233628304
233652394
233666698
233681769
233695798
233783526
233804855
233821719
233836751
233840807
233870295
233897995
233902226
233917406
233976348
233981874
233996954
234015362
234046568
234067752
234147348
234167511
234171349
234216889
234250259
234259630
234301330
234363914
234420881
234552499
234571595
234582595
234596408
234621124
234650199
234681886
234685405
234695024
234742955
234745737
234753449
234760575
234766142
234774676
234844653
234922310
234956852
234971301
234984700
235026252
235045392
235086141
235139390
235249291
235309150
235358679
235371575
235405557
235407921
235455563
235492889
235505147
235519266
235533357
235601509
235656719
235670223
235774583
235833863
235839512
235844193
235863034
235866659
235871384
235878316
235913569
235926739
235966451
236025274
236080871
236107015
236136152
236198490
236203681
236239673
236274411
236280765
236308325
236324675
236337815
236351268
236394155
236410475
236426106
236547244
236587261
236651656
236706889
236723127
236754690
236782231
236798905
236820313
236917845
236937499
236980180
237009827
237015239
237020489
237059460
237074877
237130181
237157598
237159414
237160503
237190296
237227043
237240831
237343387
237352493
237357109
237407832
237413895
237422541
237453254
237456797
237552023
237588237
237618711
237642720
237646861
237649174
237656428
237680882
237715621
237759946
237818522
237883495
237997022
238027503
238062192
238074459
238078042
238112109
238151078
238180241
238185084
238188115
238219618
238266687
238289863
238317961
238319475
238349606
238356638
238362772
238364948
238366679
238384631
238399276
238403949
238469624
238549082
238578897
238595176
238598505
238641404
238673599
238678207
238753253
238762270
238768184
238769957
238799340
238818669
238820809
238829396
238844274
238847809
238857273
238875043
238882587
238910007
238917776
238977088
239013034
239019967
239111240
239130293
239153323
239235726
239241356
239264048
239270789
239300927
239322503
239326626
239339064
239362877
239381990
239384588
239410770
239421171
239452581
239505473
239538618
239545376
239617218
239650265
239652177
239673271
239698989
239746237
239768413
239771161
239772825
239800336
239872161
239878727
239957618
240009110
240070855
240085415
240103992
240128326
240160958
240191479
240195085
240230743
240242970
240273081
240283317
240298397
240320491
240322312
240346528
240354080
240365627
240381483
240466747
240523888
240551086
240559758
240566632
240652084
240665429
240673653
240721429
240773368
240799178
240812824
240837011
240842555
240905991
240944148
240960957
240975938
241009171
241020342
241097981
241117323
241145532
241181947
241226860
241244346
241281191
241289907
241303806
241309675
241318574
241364886
241400103
241406713
241432701
241454599
241456754
241457541
241510175
241511999
241529934
241580339
241731213
241731909
241735623
241745975
241751301
241767301
241785841
241786828
241792968
241805950
241806656
241818406
241856846
241925652
241928950
241973181
241999476
242015020
242017180
242027688
242202983
242210272
242237929
242240063
242260985
242301109
242364476
242372697
242421708
242465942
242486830
242501952
242531530
242572911
242601666
242604601
242649034
242662451
242671892
242738094
242752265
242786437
242794113
242797613
242806156
242831628
242865735
242875548
242966212
242973146
243025917
243028308
243037298
243064248
243080698
243100206
243121916
243181944
243186683
243189962
243232980
243236234
243243170
243248456
243262365
243279877
243329028
243349177
243381453
243401110
243403274
243424509
243429155
243476988
243517928
243526906
243600312
243612185
243613734
243625392
243626742
243663582
243678130
243688950
243744551
243779157
243785383
243883364
243912818
243927620
243944277
243969458
244024998
244052805
244062455
244104508
244150090
244161251
244165048
244208951
244215764
244260084
244262018
244318099
244344408
244376141
244396738
244426619
244445028
244449999
244477458
244561173
244567167
244605316
244618959
244658722
244682167
244709739
244746499
244759190
244796362
244833682
244834646
244839409
244842030
244885700
244894252
244900325
244921385
244975031
244981013
245065563
245072690
245104183
245117695
245131541
245172595
245186205
245322835
245335860
245344333
245407132
245440542
245460785
245491139
245523202
245544304
245554932
245562324
245567270
245589936
245598329
245617159
245671348
245705759
245723670
245746223
245756227
245764542
245781827
245804354
245805256
245826188
245842542
245857975
245874043
245894575
245917650
245991282
246048652
246053689
246077233
246109689
246131068
246147045
246153582
246159093
246174273
246192347
246241305
246259125
246268628
246315761
246325014
246379263
246381910
246384285
246439326
246444185
246484957
246495630
246515841
246532940
246557724
246587751
246620493
246627943
246638253
246716663
246751404
246775416
246792569
246837509
246841102
246870424
246904162
246907687
246909610
246942091
246942942
246969592
246976865
246986460
247027367
247030068
247035699
247062763
247085645
247087157
247090380
247148994
247245293
247278878
247286120
247302108
247304584
247334271
247342665
247366880
247371955
247386839
247392160
247403378
247427842
247470882
247497843
247565690
247567217
247685284
247709674
247710825
247727900
247796757
247798455
247818052
247826816
247830583
247863093
247903324
247905949
247917204
247936710
247973789
248045682
248081922
248085029
248099032
248144322
248249593
248267034
248294221
248326314
248339668
248358604
248365010
248374517
248387562
248408795
248454623
248469460
248499897
248520997
248529466
248621629
248623097
248626178
248643311
248662873
248667805
248703588
248707955
248714367
248719322
248759121
248786208
248854359
248860859
248871737
248890601
248891569
248902812
248922322
248949089
248972253
248996629
249008488
249027531
249032984
249058992
249106800
249150908
249199785
249202965
249314124
249344375
249357374
249363364
249400295
249442689
249457161
249460323
249491101
249501878
249553931
249566791
249653742
249707994
249718275
249721125
249735291
249835440
249849607
249855355
249884133
249902083
249926283
249943245
249945609
249969442
249970315
249976615
250023066
250063886
250119619
250147883
250218432
250219939
250252606
250322690
250373600
250395416
250409608
250430136
250476994
250489847
250518865
250582545
250620019
250629584
250660708
250702590
250811303
250822024
250854766
250909420
250923354
250953291
251007941
251038031
251064355
251076539
251079421
251114524
251156025
251162601
251182542
251206816
251241344
251247071
251268212
251288426
251295992
251359992
251376483
251388584
251396364
251398693
251405427
251414159
251442192
251443851
251474824
251531343
251536728
251563098
251567340
251603484
251605002
251628681
251633695
251695061
251719367
251721716
251769678
251784072
251800288
251893345
251995538
252007567
252011777
252053705
252054853
252064557
252085563
252093511
252140751
252271913
252281115
252307013
252415321
252434117
252454976
252544095
252576328
252637426
252674349
252723029
252755610
252809682
252821586
252908498
252911255
252919518
252928406
252961760
252974212
252994971
253011148
253050245
253079911
253087000
253190773
253263165
253305621
253329719
253377570
253379797
253445763
253543901
253555254
253561916
253576685
253577725
253605312
253612094
253627069
253706974
253765724
253807798
253822064
253823379
253834019
253868655
253872123
253881360
253897637
253947211
253953581
253958319
253979671
254069509
254070630
254113481
254169612
254211007
254286079
254288446
254317621
254342778
254444711
254455662
254476899
254491825
254499026
254524738
254612307
254652084
254665215
254717079
254767031
254859355
254878581
254890080
254894143
254900321
254989333
254995554
255001416
255019266
255051476
255058931
255081920
255092759
255107884
255121372
255178011
255193186
255197672
255244579
255276163
255277571
255307879
255313840
255317104
255325139
255387521
255438565
255513332
255532446
255581079
255596771
255650969
255666999
255682825
255683918
255689622
255696741
255706171
255772674
255791101
255803820
255860119
255903496
255912911
255924595
255932710
255998876
256001230
256008173
256073183
256104612
256109392
256109868
256111824
256172900
256191926
256198890
256200682
256221466
256236975
256280969
256282576
256316677
256353945
256360349
256392888
256446616
256470295
256475000
256520671
256530695
256551620
256557654
256562716
256571441
256588014
256593334
256624255
256637799
256646557
256653743
256688175
256699408
256710385
256714337
256734868
256736103
256753563
256756560
256767425
256781109
256808501
256865669
256885137
