0
416037
549203
1223880
1513777
1625675
2025492
2042467
2916440
4103724
4124143
4321659
4779884
7125936
7392084
7817220
7834919
8034281
8137561
8311680
8394101
9145462
9269447
9517763
9789311
9966966
10063096
10122735
10209735
10379781
10416857
10862014
10914604
10946565
10999411
11130090
11298005
11506459
12532946
12928545
12945944
14008744
14013229
14275505
14393200
14397056
14578422
14733450
15491674
15526725
15721487
15947348
16153798
16888168
17364467
17391340
17420823
17472626
17770923
18153486
18286000
18392575
19132087
19188304
19528457
19563469
19800930
20294173
20463913
20582253
20660184
20778920
21057973
21246440
21271666
21482423
21933734
22212898
22352432
22507144
22539274
22653708
22680910
22946801
23097789
23282088
23304098
24091553
24244809
24824494
25154255
25194506
25294473
25392683
25570144
25648509
25714949
25829730
25842112
25914069
26352084
26462338
26595548
26835116
26986096
27694289
27749193
27795551
27991468
28191011
28260607
28473990
28480244
28615433
28875091
28963317
29495064
29622722
29685736
29689613
29709101
29733551
30067258
30104891
30123031
30146029
30206356
30743795
30799699
31008519
31031072
31231695
31234934
31388748
31723687
31848745
31855062
31917364
32010516
32124919
32279620
32489178
32572131
32648267
32661745
32795440
32803932
32923079
32963271
33144616
33170448
33442320
33488401
33496828
33624991
33659439
33906659
34481724
34496332
34567942
34703850
34859936
34883209
34937215
34987473
35227358
35340246
35502321
35515169
35661197
35696400
35724735
35895742
35903500
36180400
36220244
36282825
36522922
36771046
36917449
37275197
37444456
37475344
37776683
37981082
38062793
38215954
38284967
38299875
38468954
38478807
38590926
38833711
38858653
39105344
39109314
39135463
39212970
39260378
39324781
39327591
39359860
39380041
39588083
39756733
39838952
39883363
39907543
40044553
40111802
40115472
40128829
40134718
40189554
40215084
40250780
40360412
40399208
40508814
40796100
40899158
40945138
41011406
41060172
41176484
41207949
41315361
41370884
41446853
41716961
41830404
41867418
41889652
41902823
42098483
42193375
42217701
42450157
42459372
42572628
42626859
42645426
42655322
42883200
43039227
43054558
43327293
43581324
43601032
43626297
43751254
43803182
44006972
44292842
44320384
44330630
44376338
44388308
44392631
44479188
44794993
45120329
45346572
45404933
45559158
45614926
45785202
46001664
46013295
46045643
46120094
46210900
46349359
46355790
46403395
46413082
46501366
46545814
46560740
46596264
46767483
46828948
46860142
47056164
47081025
47125486
47389646
47490443
47610815
47620614
47973002
48100668
48111853
48131355
48147167
48158347
48217361
48273161
48361290
48601843
48658044
48668089
48769929
48795110
48941617
49071882
49235556
49303053
49346008
49362085
49574081
49644768
49655882
49706253
49732241
49865474
49899286
50006875
50196901
50403269
50494647
50615296
50624126
50630288
50709022
50803436
50824586
50889392
50935839
51014042
51192723
51392921
51431195
51470104
51568072
51611010
51788965
51822468
51884821
52032684
52213513
52218191
52235447
52278000
52355918
52453429
52522007
52528964
52607124
52637887
52652493
52716830
52907088
53193462
53218891
53305775
53357744
53377808
53537561
53598819
53663100
53741339
53771466
53947039
54187840
54286935
54329261
54429746
54521466
54597685
54756847
54767561
54772554
54872974
55036956
55103077
55142053
55251386
55416637
55589532
55598383
55604315
55621842
55638570
55790355
55806180
55859122
55866803
55981992
56139615
56228666
56279953
56328090
56408906
56443565
56476402
56516719
56637426
56639194
56764549
56831015
56841553
56917132
56980034
56997055
57260887
57366703
57432940
57460877
57489353
57577767
57743161
57764218
57832084
57871162
57879699
58011968
58082677
58087557
58114260
58131274
58157074
58258390
58328249
58345644
58402396
58608574
58723265
58745346
59055805
59095893
59121829
59206564
59234572
59238852
59381905
59526350
59697988
59728871
59754221
59860538
59911436
59972829
60012152
60018345
60193906
60234440
60235899
60255526
60303269
60306290
60366705
60388551
60579188
60594141
60628738
60731768
60867545
60891919
60981291
61009214
61094304
61196366
61200221
61368390
61484338
61540792
61552737
61575724
61614640
61794842
61930326
62035074
62168536
62200047
62217204
62254650
62359796
62393510
62421141
62467808
62503147
62674404
62787522
62902943
63120388
63179714
63220354
63233021
63255091
63422578
63450912
63461106
63588180
63610153
63648257
63741141
63802045
63819381
63924685
63925704
64171965
64293598
64296478
64691562
64723007
64751643
64838728
64934861
64942353
65053930
65120524
65149833
65169472
65177392
65192759
65197861
65236966
65260191
65366371
65368638
65409702
65453745
65478262
65604704
65629275
65643923
65741646
65771778
65827136
65997265
66047972
66118504
66142561
66146045
66264241
66313411
66523894
66586911
66776833
66993846
67056099
67059416
67107875
67161931
67211430
67242884
67307164
67383106
67422079
67578651
67597612
67676934
67707424
67774244
67811198
67905261
67919761
67949925
67961473
67962713
67994327
68024047
68042229
68047133
68105823
68278346
68368609
68459016
68468174
68491951
68509662
68554445
68634666
68773304
68855283
68857202
68859283
68936698
68989708
69215561
69223939
69230236
69235367
69299380
69393163
69530319
69747123
69833970
69910305
69912938
69953253
70009087
70020069
70152160
70175135
70263436
70341951
70393974
70422546
70432361
70461668
70537204
70590400
70668138
70744205
70761738
70774151
70813211
70942281
70970894
70977563
70980783
71004242
71026982
71228049
71312453
71317475
71356271
71401378
71434204
71503408
71508708
71519167
71612110
71616239
71647805
71732596
71767803
71840481
71877437
71935104
71961342
71968543
72038805
72091414
72164563
72383521
72397455
72462992
72501770
72536192
72547165
72587444
72621536
72754006
72801817
73049727
73095706
73155019
73201369
73210915
73237708
73241324
73318001
73427922
73471849
73486745
73504581
73572859
73611545
73742290
73744600
73830186
73860053
73960654
73965346
73984632
74046938
74053791
74074975
74256909
74325476
74514988
74642290
74678848
74698827
74721194
74801794
74880460
74999028
75200903
75311507
75352633
75360879
75370460
75375854
75401710
75450183
75496916
75500984
75511055
75513729
75610607
75623479
75789036
75858785
75894502
75924389
76069193
76082886
76091137
76356422
76375386
76469992
76662789
76689345
76729589
76859004
76878118
76892966
76909040
76920017
76925815
76967881
77011598
77069215
77142082
77161249
77168013
77239188
77342750
77385587
77405872
77427506
77465018
77513674
77548637
77657588
77762336
77823527
77899047
78039098
78060528
78150256
78160727
78201984
78239070
78297229
78661842
78666293
78667568
78691401
78776896
79022199
79044521
79116331
79164831
79188871
79204864
79358491
79414623
79470164
79516072
79560208
79640678
79774870
79817939
79824017
80017844
80176451
80305794
80422345
80433669
80485481
80569848
80616128
80752287
80960883
80996417
81045012
81117468
81170150
81202436
81347808
81498275
81499768
81539245
81633820
81643054
81798451
81877042
81903068
82097516
82171964
82192223
82211315
82492176
82597889
82682796
82768490
82817432
82910957
82912421
83085570
83118843
83147232
83159644
83209704
83415694
83416877
83493192
83540051
83557264
83601290
83603287
83639736
83699085
83852520
83864277
83923282
83952843
84009300
84028328
84034878
84043560
84065819
84112498
84164512
84249857
84371863
84407156
84491501
84667441
84668261
84798139
84814995
84847643
84866363
84999450
85060103
85110054
85217513
85255590
85268299
85294244
85344003
85356299
85411288
85452400
85566916
85574313
85638898
85650237
85664857
85678791
85691417
85734371
85839434
85948935
85956452
86021132
86095297
86185597
86198882
86200434
86332601
86349974
86367739
86509822
86595184
86625577
86651971
86780591
86812811
86860433
86914688
86916808
86939966
86961425
87043145
87112748
87227279
87313730
87334756
87353579
87463186
87488318
87503865
87554860
87615064
87706912
87744520
87796324
87807643
87841143
87990819
88030003
88071971
88128633
88148966
88149757
88178522
88193212
88203673
88268194
88269948
88407666
88453877
88518618
88581051
88583351
88585112
88836037
88915907
88926206
88937825
89028614
89081694
89097881
89109165
89139375
89189040
89227225
89305488
89349237
89378754
89531056
89561669
89571115
89588696
89601232
89624578
89680561
89739045
89754743
89774425
89775110
89816994
89905096
89913748
89932676
90076308
90079938
90101718
90166841
90170106
90172537
90284017
90292614
90293534
90325065
90376767
90388831
90433245
90516149
90607120
90646693
90659005
90744254
90748146
90823741
90863668
90875598
90926798
90946737
90962505
91096948
91108868
91274926
91576084
91623244
91625190
91690244
91791357
91867256
91876980
91883712
91937254
91956742
92040499
92057230
92107459
92170077
92174836
92287660
92325196
92422753
92431299
92442029
92445887
92448171
92462668
92476377
92498546
92604276
92680614
92713700
92756140
92940913
92954136
93003386
93009076
93120986
93148802
93165828
93195050
93296595
93324125
93358945
93434972
93437677
93464331
93508427
93510646
93521148
93629109
93652691
93661855
93743174
93782446
93837094
93862533
93879778
93957824
93963881
93976192
94065423
94127416
94142958
94302470
94368380
94390934
94482492
94503942
94572349
94635514
94658467
94806733
94851151
94906137
94937831
95024383
95057208
95090009
95154639
95228167
95266186
95307189
95455735
95463162
95477947
95520752
95558027
95564824
95585888
95664838
95684851
95797236
95841146
95914370
95956798
96018892
96025589
96035051
96052980
96060844
96104995
96120445
96170367
96198826
96217304
96232069
96268375
96271344
96297645
96315268
96379316
96397293
96404868
96466435
96490451
96496614
96503473
96599002
96744137
96777076
96816831
96838340
96982233
96999601
97078798
97095349
97172228
97224115
97280764
97316350
97348706
97420689
97425407
97515945
97592624
97730756
97831026
97838320
97850277
97864132
97867350
98090844
98133381
98144432
98277822
98363895
98402152
98473642
98479672
98515356
98676514
98765146
98770512
98798033
98824916
98829561
98851212
98863528
98929873
98932600
98951473
98972762
99028215
99097246
99122716
99142887
99149450
99154209
99202236
99204192
99234171
99305513
99309093
99316008
99320091
99342044
99354084
99407047
99443050
99477093
99510823
99531178
99566434
99644146
99701488
99749254
99769048
99774801
99782985
99803052
99868980
99913754
99925124
99940106
100030105
100088359
100172891
100178653
100266858
100283243
100288250
100317755
100393473
100416402
100442078
100481032
100502305
100512054
100549119
100556242
100696900
100710606
100747550
100780985
100855646
100893802
100985741
100992111
101000378
101042725
101048773
101097029
101169154
101173268
101221796
101283632
101325092
101325540
101429223
101430354
101567630
101581539
101583882
101677921
101732383
101785643
101794985
101824833
101831244
101873252
101984045
102037550
102070846
102149663
102187308
102195586
102224031
102230056
102266731
102278950
102306190
102311171
102399784
102402224
102538213
102589251
102624592
102713864
102736691
102768721
102789972
102890084
102901902
102904981
102906375
102927776
102971022
103155631
103248162
103309343
103327715
103382293
103453151
103519356
103541038
103553078
103559732
103577952
103658253
103685566
103759268
103790714
103839456
103915945
103985694
103993370
103994437
104017474
104071520
104282374
104293172
104311910
104393157
104399657
104442715
104467914
104468670
104519118
104527332
104546166
104553420
104558653
104634628
104639613
104664756
104700983
104738849
104827809
104932261
104960122
104969179
105081416
105103612
105128297
105133194
105141471
105150252
105153205
105167534
105187781
105209397
105255190
105257861
105260647
105298947
105321933
105399745
105515447
105520094
105590983
105624520
105686755
105745779
105751447
105761382
105805108
105923864
105957932
106027976
106043577
106118021
106128941
106137465
106139553
106140453
106263959
106282127
106298957
106395759
106401984
106414659
106443455
106519571
106549446
106598084
106602678
106626804
106635510
106640496
106657656
106686153
106696219
106697054
106715546
106768269
106788950
106813057
106832916
106847773
106854397
106936401
106938774
107069829
107187915
107215995
107247356
107252484
107349145
107476738
107508686
107561399
107692703
107693304
107721325
107826840
107853680
107857916
107937020
107946300
108000125
108006582
108008932
108048349
108138203
108165272
108183874
108275699
108326923
108390626
108419377
108584890
108654316
108711758
108740733
108761074
108794711
108834163
108919955
108996050
109031247
109052257
109102158
109138035
109192833
109202380
109220425
109223867
109228830
109426103
109511763
109519107
109520342
109544642
109566455
109611480
109655264
109704642
109750835
109887869
109921836
110022470
110224424
110400541
110431416
110534184
110546108
110563633
110584772
110618340
110624732
110716708
110728756
110827827
110849402
110914903
111001411
111017083
111044313
111053512
111109582
111141835
111151399
111226122
111234142
111244377
111246393
111351532
111452045
111465013
111511761
111519775
111546185
111622091
111699855
111740458
111743764
111754797
111837315
111854339
111878175
111933081
111967284
111981653
112020870
112057847
112175121
112184657
112247849
112342361
112400524
112407227
112457046
112515865
112549479
112557246
112561886
112582407
112601984
112651745
112689372
112723485
112751693
112851104
112903707
113069922
113087164
113091711
113095383
113117109
113172533
113274310
113308180
113388020
113420265
113443279
113466855
113473546
113482740
113578302
113588465
113591961
113653176
113664938
113672465
113737563
113759780
113766303
113778126
113783989
113804027
113823156
113836220
113861491
113958830
113994567
114098582
114127990
114149757
114230365
114270452
114315929
114380526
114433279
114442706
114448408
114463797
114588954
114602183
114634400
114692804
114706748
114724171
114753896
114812640
114838555
114877813
114882222
114906165
114926176
114946136
115009100
115042683
115053810
115076539
115132502
115163118
115174236
115177839
115217475
115258386
115288583
115335182
115392799
115395219
115429072
115439171
115448184
115455317
115523400
115558912
115624396
115706473
115751346
115798556
115869737
115891208
115942029
116003125
116063449
116143729
116218566
116243278
116300685
116308470
116325885
116430558
116453781
116491208
116502630
116595727
116647648
116659789
116680459
116695845
116764730
116769657
116828919
116830487
116884794
116957890
116974158
116980499
117143993
117154250
117175901
117177886
117188465
117221965
117303325
117376905
117402896
117430343
117492403
117577891
117623820
117699449
117752040
117757377
117767003
117819474
117891942
117905686
117908472
117948402
118040828
118045147
118090239
118094973
118201440
118253186
118285133
118328329
118329663
118331654
118347266
118352568
118353059
118419921
118439222
118440454
118449369
118494643
118498012
118522049
118634142
118661785
118709431
118759374
118787233
118833273
118866069
118870071
118885395
118890852
118894023
118906695
118913234
118920399
118929653
118963276
118998445
119000707
119019820
119035173
119048392
119105785
119126635
119128012
119206720
119218819
119276302
119293033
119315630
119348571
119351255
119353057
119367668
119370663
119390216
119392647
119422493
119434856
119444950
119467784
119479403
119631981
119646054
119680863
119793957
119809451
119855225
119893506
119901546
119930708
119940017
120039423
120040609
120044473
120094111
120136672
120187951
120191816
120217167
120219839
120358001
120374045
120383179
120398168
120561611
120592156
120596604
120626639
120636256
120640550
120683197
120746685
120789821
120797753
120826169
120831671
120936574
120952180
121015897
121045410
121154833
121158937
121174467
121181104
121218745
121236252
121243186
121330131
121366175
121396715
121467718
121484905
121717468
121738836
121747324
121811860
121815443
121828322
121839311
121915745
121922584
121969976
122027698
122172770
122258628
122286698
122289245
122335771
122337730
122373999
122396134
122452967
122472047
122572334
122600291
122626616
122648674
122713058
122735399
122817914
122840447
122854563
122866515
122882550
122894928
122979371
123008567
123022381
123026215
123063819
123107360
123166584
123232561
123275698
123332079
123341619
123450439
123454572
123487232
123497312
123523106
123545122
123555485
123583219
123600253
123654529
123690124
123714831
123791870
123852358
123912636
123941908
124035663
124145875
124210231
124276331
124285512
124340598
124376788
124449997
124471347
124534131
124643918
124651329
124690240
124699089
124701920
124737737
124770156
124818154
124885297
124897126
124976090
125016973
125083871
125110880
125130207
125132530
125167252
125174007
125216021
125293212
125409199
125413190
125428136
125430196
125438308
125450217
125544682
125597763
125766552
125790897
125797382
125863812
125868384
125978441
125980273
126011237
126024017
126080131
126095412
126110946
126135026
126236598
126238754
126263579
126267214
126300933
126324308
126371011
126391174
126406617
126427382
126509300
126518056
126607479
126739288
126740076
126782617
126801980
126892849
126968282
127033351
127053645
127107352
127236642
127296043
127297667
127324065
127330118
127373421
127376760
127515784
127532512
127603107
127635823
127741268
127805340
127826808
127870547
127910534
127925762
127938622
127947735
127971904
128083994
128107603
128112948
128139711
128271959
128288505
128338077
128343243
128365055
128380769
128409186
128415310
128425688
128509058
128514213
128608059
128661357
128707716
128729228
128770252
128851645
128908899
128951718
128981413
128996372
128998699
129036852
129127952
129182214
129194239
129224005
129237327
129282264
129287680
129320762
129368840
129378547
129393706
129401694
129464413
129504429
129572165
129665152
129674493
129678902
129764588
129790903
129875184
129912009
129936837
129947770
129977663
129987017
130107644
130113836
130144226
130191806
130256269
130309685
130324423
130374469
130393301
130399234
130403472
130414377
130447541
130492431
130522173
130549453
130596885
130598483
130600708
130605785
130616723
130621425
130650598
130655658
130698170
130700423
130745359
130853502
130855366
130881001
130946453
130958490
130967679
130968282
130982029
131026367
131053749
131072407
131122827
131240423
131244533
131295646
131390903
131395179
131497710
131543958
131547662
131586529
131592479
131636640
131652580
131755048
131770882
131921886
131928549
131948599
131966161
132001981
132010843
132111082
132164891
132232502
132330306
132343931
132359132
132403419
132432601
132476111
132502169
132535420
132553888
132556954
132582302
132605789
132629068
132707271
132746689
132789995
132799409
132802919
132815361
132823153
132855501
132860346
132875314
132903756
132909392
132916170
132940547
132948138
132957979
132959351
132981587
133035571
133043545
133085612
133101541
133128250
133134329
133272948
133373279
133405117
133412828
133477409
133482930
133528414
133671809
133690249
133760925
133762662
133767044
133782668
133787120
133809697
133832515
133838345
133875369
133885865
133959705
133963109
133984337
133986195
134025585
134052901
134053778
134066003
134072306
134117783
134135180
134182564
134198723
134203562
134217618
134287432
134353148
134375208
134385491
134401461
134443749
134542187
134563493
134637167
134716333
134733257
134755548
134847863
134915494
134998849
135003349
135047828
135089870
135131991
135156989
135164441
135179459
135201918
135245933
135283958
135343229
135412406
135423219
135485724
135542567
135551406
135624242
135639223
135652548
135666416
135669531
135673383
135733055
135802028
135808483
135921306
135949443
135981409
136072815
136079028
136090957
136108247
136131568
136156161
136167578
136193484
136230619
136277435
136283257
136295384
136301515
136306068
136311734
136339252
136349888
136393336
136510573
136535899
136591454
136609817
136653162
136678340
136736166
136878595
136901849
136902925
136910514
136916199
136963362
136996971
137005405
137021691
137057801
137061622
137092980
137098512
137141845
137146664
137181022
137221567
137279007
137301582
137303895
137340967
137357921
137410230
137416864
137417942
137427829
137447736
137456930
137471034
137529730
137534414
137610700
137658946
137677098
137703344
137716038
137761995
137781952
137795528
137807845
137872745
137902094
137942610
137955724
137960233
138029661
138033079
138059132
138073443
138083928
138154298
138186990
138196242
138216014
138257406
138265441
138364214
138364995
138417691
138422205
138452853
138465124
138488361
138511300
138528486
138552926
138559485
138578557
138581578
138587047
138629196
138666908
138738610
138785270
138787286
138789859
138806892
138846506
138854021
138865510
138867461
138893295
138894996
138909857
138913245
138967900
138979814
139006923
139029217
139108779
139140827
139185108
139215136
139301364
139341994
139344276
139379765
139472342
139497646
139596443
139663959
139667178
139782471
139816372
139842137
139854345
139867023
139913423
139919566
139959263
140037914
140043952
140062459
140095303
140114918
140131640
140233901
140364275
140368668
140391236
140407213
140409292
140457428
140480951
140493253
140514797
140560053
140562003
140591981
140603760
140646543
140652988
140745195
140770247
140775205
140779966
140810239
140872008
140890618
140905380
140942041
140950844
141040817
141072559
141080895
141105877
141148533
141190059
141229496
141230276
141279626
141298993
141367422
141370204
141382586
141385779
141435443
141440425
141457723
141499040
141516977
141538678
141545773
141551424
141558238
141574955
141580424
141586981
141630520
141633908
141649173
141659608
141664650
141700733
141768369
141794751
141863395
141885160
141909209
141942873
142023463
142037002
142094038
142100337
142103389
142106153
142134516
142169606
142218226
142283425
142298636
142321532
142355525
142374730
142378198
142406913
142457586
142476046
142506047
142545332
142557747
142558377
142572803
142618110
142632197
142642004
142668518
142693650
142709559
142762942
142807328
142861434
142904037
142906532
142923590
142973517
142974258
142990539
142992913
142999118
143045486
143054480
143069092
143070875
143098813
143125909
143141761
143199286
143204018
143211472
143240886
143251286
143286390
143305146
143338213
143349081
143350005
143375832
143379376
143433627
143452741
143504440
143531444
143609963
143620231
143628655
143649888
143690371
143744920
143751224
143787718
143790749
143886089
143902357
143914489
143923391
143927628
143936081
143944112
143957937
143966308
143976706
143997807
143999874
144024291
144034561
144051421
144090818
144202353
144302205
144316187
144359672
144364743
144383617
144408690
144420742
144438525
144468538
144483429
144505641
144520009
144526592
144530655
144591091
144607039
144646710
144692794
144719901
144745004
144782216
144797986
144848121
144872286
144881296
144905178
144961206
145014156
145023636
145031688
145084082
145130998
145142937
145231801
145323224
145325507
145360053
145403845
145420206
145421060
145484582
145578237
145579511
145639716
145648341
145650773
145668978
145678199
145751456
145822035
145823361
145842780
145856088
145873256
145945175
145962902
145967054
145977294
146066524
146108188
146116055
146125269
146170066
146178985
146225476
146234825
146244841
146268888
146271207
146296234
146302763
146347350
146359171
146363549
146409397
146422898
146492197
146499096
146534270
146622117
146624477
146627776
146639836
146670206
146718873
146722159
146828987
146872373
146913702
146917818
146942985
146961699
146968342
147048832
147070998
147107763
147127884
147147802
147196736
147244778
147307651
147362195
147422595
147424649
147448652
147474544
147478031
147494324
147521220
147529711
147550529
147580360
147608838
147617578
147670163
147699583
147746167
147775811
147825894
147861186
147896821
147941217
147959335
147967325
148011231
148015217
148060045
148062379
148065827
148074977
148094016
148126461
148188873
148197789
148255841
148291071
148357135
148362025
148376737
148383944
148492704
148494343
148499215
148577865
148603921
148627538
148628706
148663069
148688899
148701666
148741073
148767460
148807045
148815191
148835367
148856140
148891406
148897477
148942247
148957462
148973233
148984258
149018557
149026158
149056707
149085056
149107403
149133970
149149252
149181272
149195678
149223169
149257604
149318753
149324557
149379896
149382084
149459950
149485773
149542993
149545484
149575488
149646090
149662270
149672560
149673522
149687909
149700646
149710045
149717568
149736184
149756717
149758431
149862971
149918393
149950756
149963250
149976090
150009095
150016793
150126727
150135844
150165645
150171454
150198454
150207243
150276047
150286366
150368237
150385689
150425299
150436720
150441778
150470397
150514028
150571375
150608801
150645946
150671669
150683212
150692040
150718951
150732483
150741282
150743428
150798288
150839210
150860141
150951178
150972727
151005213
151014735
151022249
151029130
151029883
151048782
151084912
151160940
151176937
151178728
151198866
151216255
151240314
151319331
151333565
151349079
151377268
151404193
151416615
151473828
151485720
151509693
151549137
151566527
151591529
151639694
151647614
151676118
151701733
151728768
151737601
151739487
151750566
151776741
151825169
151840545
151881291
151940034
151985470
151988058
151997699
152011231
152061143
152071676
152099936
152107394
152177541
152248729
152258213
152274927
152413526
152436559
152492496
152553841
152592455
152605517
152643340
152655500
152670971
152709608
152818060
152825712
152846208
152883568
152902715
152922552
152939926
152942019
152945445
152966218
152986728
152993174
153048232
153084282
153125294
153146915
153161693
153275527
153308161
153330798
153337812
153369485
153453600
153463917
153505908
153509630
153540642
153576157
153585218
153687907
153694430
153719781
153740527
153835612
153846141
153851755
153864090
153922858
153961995
154006233
154059964
154069191
154076301
154111788
154120997
154155144
154183599
154230079
154248531
154257058
154268708
154282410
154353525
154358554
154375070
154440725
154448540
154455231
154470667
154587403
154590198
154598430
154649285
154656007
154670460
154676165
154693344
154773048
154783251
154804485
154839256
154878053
154883171
154885490
154932915
154972297
155035489
155058734
155091036
155104995
155114311
155148280
155183165
155195789
155257096
155259578
155270731
155338947
155366098
155386378
155388252
155396398
155402086
155425682
155438093
155512388
155603178
155635028
155645605
155672258
155690473
155725989
155759595
155791638
155805260
155808228
155914307
155930871
155956837
155966120
155995223
156067072
156072116
156160711
156191119
156195298
156209199
156214879
156227733
156277010
156283260
156295489
156299480
156395954
156425976
156429023
156460601
156485790
156517093
156556128
156594641
156622353
156632789
156679049
156720777
156785641
156806613
156819460
156862344
156864837
156889131
156892909
156983679
157028865
157031203
157044032
157061450
157070741
157071444
157114261
157118102
157124540
157134681
157198831
157224330
157246161
157256058
157292862
157299814
157379324
157401056
157419797
157461829
157537701
157586524
157655926
157666747
157681971
157698262
157750438
157796743
157800199
157875951
157890925
157916902
158035909
158125932
158137438
158229623
158257130
158275895
158278518
158285920
158301495
158306050
158327167
158330561
158387422
158392943
158422171
158446124
158478832
158487791
158558800
158573986
158657091
158668424
158685806
158695106
158716187
158729796
158794325
158803473
158873253
158891856
158927238
158935065
158955145
158963325
158981206
159050222
159062868
159098193
159103758
159105222
159113435
159132561
159137455
159149578
159157588
159179968
159213386
159232525
159241997
159246991
159346293
159364244
159402648
159425751
159498717
159515939
159536426
159572443
159575166
159590223
159606811
159617372
159644402
159655804
159668497
159700482
159794480
159874992
159883187
159885137
159889131
159901694
159912730
159952487
159955899
159959081
159986280
160062252
160087423
160115443
160153089
160185549
160233150
160242820
160273536
160275116
160334754
160381832
160420817
160459156
160471683
160495201
160508426
160555605
160598442
160603442
160618300
160620536
160623535
160643291
160644616
160734710
160740278
160781383
160782227
160838726
160860349
160925147
160971689
160978904
161005792
161042784
161046155
161064152
161070184
161073845
161076357
161092754
161218007
161291171
161350105
161357214
161367455
161373784
161390792
161411859
161446109
161454640
161489597
161518146
161561776
161631659
161694237
161698177
161712697
161769374
161784797
161875544
161881805
161891941
161893302
161895590
161901355
161942446
161955850
161963123
161963428
162066310
162102819
162120955
162164611
162219852
162261407
162326112
162420020
162440420
162441958
162465915
162467245
162472888
162478025
162518824
162531408
162533265
162537301
162616279
162631148
162654974
162695381
162720126
162748726
162750214
162766704
162774809
162796878
162798945
162850537
162891228
162896451
162911550
162987147
163023138
163076030
163083847
163093260
163127953
163189121
163243273
163315837
163351773
163371797
163396686
163401167
163413828
163423225
163452533
163454724
163460037
163468387
163515521
163516015
163633885
163646697
163684605
163738888
163743911
163746485
163757017
163790296
163795539
163798907
163813456
163818742
163841930
163886772
163907741
163947748
163972871
163988546
164013998
164050045
164141986
164152304
164182259
164196240
164212608
164244194
164389199
164405089
164452244
164481584
164492416
164521178
164533062
164534654
164544020
164620062
164693093
164722528
164773983
164812078
164840595
164845113
164847490
164849147
164880481
164887241
164896736
164911412
164917972
164932377
164934666
165005171
165013298
165088095
165116815
165132550
165143168
165169693
165212931
165239952
165322694
165325765
165334402
165349484
165378081
165427133
165428910
165480472
165493351
165501813
165510275
165546375
165564564
165587533
165617877
165628837
165636785
165638632
165652225
165666622
165668969
165690435
165712532
165724670
165741535
165748370
165769074
165813694
165823753
165850844
165858055
165877348
165888158
165939797
165982139
165996169
166018633
166067897
166073773
166099786
166139906
166143481
166164292
166190301
166194126
166209130
166213613
166240012
166305698
166313948
166319234
166341289
166359816
166374713
166428423
166431086
166520187
166534312
166541041
166558691
166605045
166647502
166664425
166684661
166686109
166695224
166697207
166699767
166721694
166752568
166765970
166789725
166792306
166810901
166837061
166896121
166904550
166914528
166947935
166978976
166999059
167028378
167125106
167131042
167133517
167195818
167219936
167240096
167325600
167329682
167347975
167375609
167570179
167631869
167643703
167645288
167711793
167738665
167769199
167822302
167824230
167843864
167866379
167946322
167973759
167976421
168051593
168069667
168075147
168099926
168117307
168120971
168126101
168159070
168268945
168292354
168328638
168340193
168360032
168370498
168374550
168453704
168559134
168584066
168607334
168626525
168630131
168640588
168672687
168697092
168699562
168710992
168726264
168735012
168740199
168757118
168775246
168785988
168845902
168854351
168926320
168928516
169005545
169011371
169042336
169102893
169115814
169144770
169181334
169184661
169209627
169232162
169261328
169336737
169362202
169383273
169402461
169410545
169416309
169506306
169529597
169543522
169546417
169548807
169556969
169634270
169651707
169663043
169713676
169758607
169760299
169790117
169838345
169892543
169894926
169908125
169932258
169944259
170000512
170004384
170018043
170066537
170103290
170121946
170143788
170185750
170186322
170213435
170380873
170389112
170408733
170456362
170458095
170508073
170515577
170525627
170578663
170588213
170594578
170632967
170638925
170721958
170738238
170765768
170774485
170784489
170821473
170830345
170833091
170859642
170862169
170883599
170884373
170944811
170957487
170958357
170984017
170987130
170993295
171016747
171030274
171111467
171142147
171159592
171165318
171170630
171237362
171279248
171305890
171361123
171383799
171390797
171440846
171476632
171518933
171526526
171588854
171612131
171641474
171661006
171676705
171691030
171730808
171740557
171744587
171805653
171806586
171841500
171869773
171997871
172011201
172120477
172123173
172142272
172166284
172167575
172197413
172203450
172228906
172263695
172274233
172278504
172286835
172292360
172303969
172352601
172361244
172372871
172381574
172391480
172400946
172420628
172441276
172511120
172563093
172577660
172626119
172653250
172690178
172705763
172719865
172724667
172777088
172802912
172827891
172829758
172876567
172960952
173011360
173035379
173048559
173061715
173070633
173145603
173168661
173171844
173173774
173216106
173228821
173257151
173295082
173301264
173310706
173361785
173373765
173395679
173442701
173458402
173461632
173479592
173497660
173509950
173516505
173537073
173571081
173589861
173601916
173615341
173683685
173708320
173715964
173721612
173748309
173766142
173776654
173783613
173784294
173787104
173837276
173858819
173871689
173904643
173961870
173984075
174011738
174066853
174069732
174111691
174115329
174119804
174148302
174159261
174179522
174182061
174193861
174221458
174229489
174234174
174251549
174316844
174320456
174322351
174337443
174383335
174443604
174444796
174482238
174488369
174492521
174512787
174513356
174554315
174572884
174613663
174646465
174653605
174657043
174669840
174694626
174702233
174728532
174783593
174935269
174983736
175009391
175056974
175077679
175097912
175123720
175126922
175151736
175170984
175172646
175181866
175184625
175190342
175213098
175263257
175272124
175300817
175330019
175390988
175407904
175409408
175446900
175508029
175541979
175551091
175556197
175559678
175562059
175567089
175578855
175602812
175605739
175634792
175636264
175658641
175715977
175784714
175788584
175841590
175848215
175932978
175960586
175962514
175968955
175971356
175973439
176015406
176018211
176052834
176066523
176111135
176162154
176170158
176225742
176236050
176247805
176318567
176395945
176429566
176443504
176458825
176460247
176472858
176486205
176502579
176504439
176553969
176597992
176610042
176620713
176628149
176650179
176669461
176677724
176746460
176756907
176770439
176771556
176776238
176806004
176875279
176889187
176898849
176920941
176928430
176941814
176950640
176992181
177023202
177031035
177043612
177053266
177060330
177115017
177127323
177170812
177189724
177203775
177254484
177257179
177278632
177280991
177285497
177299575
177361742
177368055
177368822
177382017
177407332
177474226
177487703
177519572
177611548
177695090
177741161
177746723
177753057
177882306
177911711
177947540
178003203
178028504
178034274
178042169
178090615
178107134
178183941
178192952
178235075
178296697
178320001
178340977
178349882
178379815
178434334
178436111
178438090
178517046
178607220
178639148
178648995
178658145
178665920
178694640
178697049
178718193
178737625
178741794
178757826
178860335
178873733
178886681
178919072
178926489
178942544
178961018
179005921
179010972
179050619
179083382
179111250
179125083
179132640
179133935
179148003
179154934
179161180
179199423
179213571
179285783
179287404
179294348
179322358
179362906
179369138
179382695
179414854
179433918
179437256
179444789
179446605
179463524
179482778
179514236
179542318
179544812
179558959
179609824
179636784
179676803
179714840
179722627
179775092
179790711
179824533
179847990
179849713
179851493
179876356
179937134
179950919
179973776
179988111
179992169
180003829
180024801
180056845
180064599
180103697
180143012
180150432
180160337
180252656
180261464
180312432
180316602
180335532
180339055
180347997
180351334
180362120
180363922
180384176
180411781
180438892
180463862
180477094
180479864
180529720
180563506
180564299
180627533
180651241
180661367
180680637
180689554
180776764
180833452
180875959
180885652
180909464
180911100
180912185
180982869
181019819
181025561
181030037
181058600
181061744
181070482
181073941
181085729
181093342
181158622
181166989
181182127
181225350
181283261
181295695
181321273
181375738
181396082
181488454
181496411
181505865
181516696
181521514
181582583
181608893
181620851
181650165
181652042
181677455
181704020
181718316
181799712
181832445
181836896
181918864
181944551
181962857
181976345
181984705
181987096
182024543
182029546
182042105
182068413
182129006
182151457
182218863
182247498
182248349
182270452
182279094
182285342
182319980
182325295
182349656
182355269
182357284
182403807
182405941
182418815
182478164
182499655
182557695
182626592
182639256
182644709
182649122
182700354
182702141
182708748
182709501
182834988
182837410
182844302
182904686
182929684
182948075
182971992
182991082
183021000
183023783
183089743
183100736
183115350
183121250
183152338
183158585
183169665
183317050
183352053
183399506
183402437
183403455
183448064
183465111
183476193
183518138
183559882
183561688
183603932
183616273
183646748
183652385
183676609
183684590
183688094
183716557
183739276
183774940
183822947
183840777
183856194
183863434
183877721
183880854
183937329
183972124
184004806
184083657
184091077
184127396
184166631
184177368
184179567
184194726
184200659
184218362
184271876
184282164
184293360
184299996
184316071
184348444
184360263
184371879
184400315
184463544
184472066
184481889
184498725
184501543
184505233
184538128
184556296
184563661
184577265
184592646
184640176
184652346
184674673
184707633
184769375
184772915
184782776
184791333
184845198
184873862
184891852
184897285
184933292
184964354
184973261
185000642
185054830
185057934
185100038
185122497
185175842
185201099
185247906
185278579
185312020
185335192
185353982
185355049
185398047
185414698
185475886
185498016
185514614
185597683
185620955
185643468
185653552
185654596
185668329
185676326
185676774
185680399
185689196
185690543
185732858
185771484
185774225
185830673
185875923
185887555
185926723
185928661
185941502
185953514
185983243
185984794
185990280
186003510
186096129
186115723
186127614
186136386
186160292
186209640
186211207
186221682
186223252
186247583
186251990
186255457
186291784
186337990
186341214
186415923
186446550
186497760
186521183
186525724
186535716
186538370
186554479
186559246
186563757
186589820
186651343
186660012
186670268
186674904
186684764
186756599
186774944
186857307
186871362
186883563
186905756
186941656
186960350
186979370
187097600
187137941
187139963
187227500
187233228
187282972
187330819
187406337
187412429
187415579
187416392
187417951
187442983
187467287
187491748
187495643
187553179
187554226
187579589
187591683
187601945
187611858
187615782
187639534
187659587
187668199
187676801
187738961
187806788
187819274
187827090
187832682
187843034
187865862
187872770
187875661
187890975
187909803
187941046
187967610
188004227
188010150
188020682
188037933
188054249
188082616
188101817
188120874
188129056
188136318
188140166
188169498
188177192
188193338
188196521
188213693
188236367
188241745
188243977
188304902
188309771
188394347
188398074
188409760
188413715
188420950
188447506
188484984
188501308
188509725
188533775
188553718
188612785
188618739
188655276
188685745
188736301
188742655
188774254
188792754
188793403
188816147
188861250
188871606
188921397
188938783
188963831
189006177
189057062
189058016
189123677
189145254
189219711
189233060
189261956
189309226
189327241
189346671
189400631
189433143
189454572
189458961
189464947
189465685
189481465
189506505
189527568
189532187
189584396
189596541
189611180
189662512
189668365
189684274
189732428
189755928
189757894
189772420
189776578
189806217
189826694
189834122
189910578
189912728
189924160
189936851
189941142
189960184
189998415
190029087
190031721
190038619
190046118
190079225
190110729
190136414
190175469
190187521
190205498
190208035
190222865
190227063
190235843
190242057
190246573
190315610
190319058
190329199
190332590
190345044
190373909
190392934
190396421
190422290
190423426
190506378
190529670
190585041
190596157
190615960
190630175
190670695
190699453
190704295
190707048
190731925
190774813
190778330
190793400
190843661
190848344
190878564
190883634
190908036
190917554
190933138
190958413
191003131
191023917
191036992
191056672
191062544
191067922
191081913
191171845
191198309
191231399
191265665
191276467
191292201
191328812
191338961
191384049
191397699
191399100
191412387
191448497
191571740
191658496
191662419
191663957
191771738
191831947
191855173
191880337
191921244
192035636
192063640
192114383
192150057
192170038
192184792
192198158
192240585
192284645
192321798
192340181
192342541
192370972
192385897
192401816
192501267
192504254
192523201
192552673
192554919
192587906
192611119
192615783
192617438
192641151
192661121
192743222
192824145
192839543
192857490
192874329
192882797
192883448
192896753
192900432
192910098
192939020
192953585
192986468
193003517
193020238
193062774
193070351
193209301
193221171
193256743
193261129
193268388
193277585
193295856
193307414
193327325
193335876
193397072
193423298
193448459
193528680
193535565
193624468
193669469
193687167
193715429
193766223
193782539
193784635
193810499
193827059
193871689
193923577
193983494
193992649
194023172
194072894
194080048
194081288
194107452
194114793
194122462
194136624
194140717
194161577
194170424
194170838
194224397
194241678
194254053
194263693
194276597
194279394
194310545
194341875
194387202
194397488
194407744
194435704
194445101
194465531
194510937
194530317
194560817
194564455
194567419
194573206
194616179
194619968
194667053
194692426
194721717
194724020
194758975
194786706
194804889
194850437
194879125
194883360
194911763
194961234
195002348
195006878
195013765
195019456
195020131
195022587
195044074
195096590
195169761
195185714
195189493
195272587
195317382
195322598
195378910
195398809
195413052
195424461
195428260
195439857
195483432
195486777
195500289
195541773
195590197
195630452
195641436
195659339
195669245
195693771
195694273
195701405
195708762
195752550
195776697
195805102
195830555
195839719
195898162
195910333
195951214
195956962
195974548
195996601
196025076
196047980
196059976
196091818
196094431
196105452
196129900
196135041
196270076
196318982
196320417
196337892
196348511
196368381
196372526
196421467
196428949
196458260
196478470
196488670
196543319
196550438
196626588
196635071
196678501
196729060
196756549
196765928
196769310
196781753
196800914
196850636
196862322
196867453
196910734
196918598
196920783
196966331
196981291
196999825
197050617
197058603
197075661
197082742
197101572
197201954
197213311
197225590
197231861
197244983
197250752
197253516
197262250
197272257
197284308
197311593
197341621
197363050
197379498
197509859
197513447
197559797
197620946
197622414
197623926
197671198
197742278
197757458
197764687
197793400
197830364
197913981
197928265
197959226
197960035
197965057
197985993
198097106
198122468
198134154
198160217
198168132
198190060
198220171
198248085
198268255
198274855
198294554
198308534
198320194
198359222
198370913
198419788
198432950
198458455
198474340
198488766
198508960
198522922
198527593
198529526
198547025
198578253
198612827
198640063
198645180
198646794
198677644
198683913
198713588
198790362
198814010
198843491
198865346
198892521
198906073
198925867
199008400
199019734
199023366
199085910
199155516
199194280
199217995
199233995
199350412
199373885
199382427
199421377
199468632
199496477
199517617
199520435
199530029
199533798
199538580
199565301
199571801
199589104
199591062
199630104
199641873
199656610
199662628
199668604
199684047
199713500
199740241
199810146
199810714
199812343
199830039
199830994
199871215
199917891
199924269
199944014
199966399
199993828
200006996
200007879
200011223
200028895
200038464
200043780
200064385
200100272
200133950
200136526
200168401
200260226
200323947
200330407
200363981
200457913
200497831
200501810
200506803
200514106
200533069
200537967
200549897
200576208
200588050
200608084
200614923
200615409
200631299
200639327
200650023
200654282
200712806
200722579
200724232
200764598
200768149
200781961
200788453
200790829
200797047
200836738
200837380
200863162
200916458
200937579
200964816
200988438
201003485
201008451
201009923
201013924
201019194
201066920
201084530
201122279
201238880
201245356
201256541
201261134
201266621
201270904
201298754
201300921
201308876
201351922
201353622
201354523
201361827
201396206
201398621
201404379
201430684
201432698
201442842
201472017
201477749
201519963
201529726
201530555
201535766
201537488
201575416
201613758
201629521
201646413
201653351
201737194
201741735
201800777
201832260
201837519
201847000
201858283
201919506
201955384
201960804
202046620
202048118
202065414
202073886
202143836
202179228
202189938
202199816
202205282
202212074
202284104
202291326
202298260
202376305
202413969
202429798
202439691
202505932
202512029
202539692
202568288
202572096
202578499
202632257
202644459
202669258
202683569
202688538
202715918
202747132
202789609
202877546
202888083
202912196
202935592
202946326
202949366
202954519
202993554
202994195
202998670
203027882
203031464
203067789
203072302
203105240
203128021
203129081
203141786
203164069
203172022
203181764
203207561
203232799
203284214
203291874
203332930
203378301
203392177
203421473
203426948
203429933
203475618
203512527
203517715
203539829
203602053
203603710
203648697
203655083
203752370
203767702
203792991
203808403
203810839
203814342
203829087
203922193
203923720
203924824
203968484
203998353
204012534
204051876
204114765
204165564
204171079
204186760
204195868
204220229
204240059
204265738
204271395
204286437
204345291
204404362
204409710
204440310
204474962
204485703
204490265
204498703
204534431
204538164
204555415
204561434
204562134
204577758
204578511
204581499
204604129
204605789
204656496
204662623
204678867
204691993
204768236
204834395
204836504
204867571
204875482
204902085
204955979
204978071
204998390
205024283
205050811
205082414
205093537
205112534
205121916
205132539
205159355
205169199
205188766
205196154
205205777
205226173
205260114
205321639
205349800
205364826
205369355
205384774
205385377
205387030
205410526
205420843
205423943
205460175
205480584
205583133
205592102
205600718
205606716
205619376
205622919
205625524
205786319
205814326
205858346
205863825
205864538
205908320
205924241
205933933
205964239
205971543
205973636
205999765
206002723
206006418
206020495
206048667
206070099
206074617
206075915
206079751
206089074
206095252
206097680
206099287
206105876
206135905
206137739
206139225
206147484
206165027
206204938
206222634
206223802
206232396
206261453
206276351
206278512
206292399
206314597
206385964
206404461
206409015
206451758
206481318
206511548
206515670
206519125
206523606
206552420
206627680
206651724
206657724
206707424
206715871
206721470
206746086
206775247
206790793
206816237
206900765
206919067
206954163
206987730
207003757
207006167
207025626
207089594
207096158
207162373
207175776
207182466
207206264
207226787
207236195
207256273
207294555
207296172
207298450
207312128
207342166
207353904
207359393
207362778
207369146
207416849
207423715
207424905
207450483
207486961
207492345
207494903
207507730
207514305
207521874
207578221
207579061
207605221
207613741
207653183
207685050
207691530
207700942
207707711
207726924
207741192
207762977
207814483
207820725
207829586
207865367
207937981
207946494
207978237
208026309
208100717
208106877
208120290
208126962
208128545
208131930
208142680
208148012
208148717
208152625
208174523
208202198
208218663
208221788
208223151
208238677
208310618
208327395
208365220
208382814
208469839
208485084
208498627
208531499
208534845
208539422
208555362
208556224
208562141
208566561
208588468
208632735
208649510
208653210
208655518
208666027
208677311
208704081
208728723
208734188
208766695
208790668
208810254
208813619
208827303
208833226
208847303
208861902
208874128
208879252
208898452
208903657
208977320
208990593
209047847
209143091
209166718
209173487
209182041
209184833
209291994
209301073
209342321
209345382
209408612
209415153
209417130
209456212
209486352
209530750
209534161
209540365
209546550
209562088
209575663
209592494
209605753
209618102
209631353
209648650
209675525
209683646
209710676
209728172
209739489
209747048
209760823
209801092
209837202
209866567
209877780
209886084
209888894
209924362
209931457
209938560
210005880
210022872
210038524
210073364
210092974
210162247
210171052
210200192
210252479
210389066
210397926
210408233
210439738
210468350
210482676
210487425
210498003
210551676
210560088
210571802
210589471
210600767
210609172
210641281
210642163
210667235
210718649
210723336
210741533
210779885
210781313
210783345
210800668
210812868
210880002
210896643
210940854
210944168
210959626
210991574
210998507
211003783
211012642
211015970
211038798
211050064
211057525
211060622
211074710
211082669
211090292
211094990
211128449
