0
142768
1298978
2672488
3499925
4113803
4666811
4702088
5268669
5309323
5441185
5541025
6351805
6659590
7231841
7433061
7449586
7526161
8298577
8442945
8472627
8656013
10252756
10321446
10325994
10591485
11280458
11455234
11970430
12196670
12291548
12412632
12508589
12668855
12775514
12924377
13045621
13557246
13919171
14202383
14252170
14310260
14572902
14821937
15396564
15518768
15601010
16016932
16227383
16267671
16280587
16792122
17736994
17822961
17829670
17953345
18044650
18231054
18398901
18443689
18635839
18744936
18861816
19139017
19214376
19258716
19281116
19337674
19834961
20265804
20306821
20429132
20477408
20606020
20657532
20900357
21017409
21335186
21404443
21547022
21930869
22025894
22053710
22195391
22220679
22680837
22989290
23042895
23274904
23418819
23451788
23693538
24125302
24221300
24360881
24413842
24583813
24768316
25006958
25016650
25097708
25135614
25164615
25202892
25445316
25950165
25999734
26074307
26148543
26217112
26220131
26960146
27057901
27065777
27379236
27396417
27814823
27863790
27983930
28178336
28272985
28405214
28508056
29407056
29484317
29557106
29629119
29640103
29818448
29946587
30107058
30325950
30341264
30422666
30494538
30502391
30538102
30572020
30699853
30968804
30981688
31016336
31038368
31118708
31309783
31453877
31569931
31796434
31879009
31916505
32245734
32272326
32504742
32678213
32704785
32820934
33057737
33115989
33159159
33223842
33281642
33509197
33574338
33591199
33667896
33706902
33755380
34022962
34036358
34214365
34360636
34465001
34679395
34881178
35046964
35232350
35289548
35387202
35718327
36110129
36207919
36420249
36838894
36841740
37072829
37080527
37127785
37178428
37432295
37454129
37669968
37748918
37764553
37810150
37916589
38075342
38289631
38549827
38737283
38904667
38994659
39022786
39055688
39256951
39260647
39372841
39447998
39522881
39594559
39772160
39938809
39943386
40068247
40270691
40386414
40435074
40543889
40585208
40628354
40690787
40833069
40869907
41097991
41167277
41191006
41226057
41284507
41339716
41388719
41825418
42019175
42175193
42222667
42265527
42282082
42301262
42318395
42498170
42561677
42945578
42974519
42982711
43179899
43268361
43282286
43389951
43454411
43506882
43640438
43689481
43770209
43785620
44258167
44263755
44296061
44342619
44470191
44539572
44793942
44878234
44896862
44980030
45130231
45139870
45158671
45184250
45329356
45360901
45490380
45694009
45716945
45847540
45928579
45984582
46031869
46120407
46135160
46138578
46156169
46276730
46330904
46379711
46528778
46640191
46646810
46777581
46787045
46875434
47020814
47325414
47428941
47549836
47557581
47659713
47739782
47749145
47791467
47875273
47924102
47998893
48050199
48076562
48350679
48578882
48656685
48677045
48834627
48887316
48918281
48960451
49097859
49202235
49307168
49360865
49400241
49666582
49728938
50100042
50152687
50177830
50279484
50342710
50365168
50581521
50608815
50827217
50873453
50900817
51027325
51072522
51469795
51567206
51640037
51685582
51747565
51831358
51876311
51913066
51925615
51974870
52006947
52036039
52060188
52063521
52083003
52224614
52393559
52455279
52529882
52557905
52644083
52665696
52842736
52855006
52906502
52913894
52920052
52955482
53043230
53169878
53378069
53381628
53405828
53580791
53705321
53791217
53824149
53853713
53907543
54059234
54180332
54272805
54459539
54482678
54531627
54582643
54699479
54764033
54854435
55079533
55110526
55317892
55523553
55544817
55677685
55727465
55961457
56064569
56074717
56094467
56178546
56359894
56430647
56465592
56468456
56538596
56649100
56816471
56889155
56918286
56978249
57097475
57205896
57208999
57406686
57457653
57471389
57554557
57634143
57695777
57730699
57826481
57846153
57938593
57956800
57986661
58112190
58120452
58134904
58183999
58458188
58634119
58651846
58850816
58901749
58907186
58919805
58932799
59001203
59052002
59080685
59130597
59331334
59410412
59481206
59491021
59684114
59800704
59897178
60075880
60135469
60176508
60179565
60249682
60346453
60396145
60552502
60681202
60789991
60804993
60816627
60837207
60904420
60983231
60989578
61104039
61119200
61143282
61231190
61268672
61299100
61444581
61462645
61529713
61552972
61596651
61709561
61731888
61836491
61857026
61912344
62115044
62199546
62303709
62383035
62386637
62538697
62578610
62580784
62582383
62807580
62927625
62940051
62978284
63167631
63197305
63235196
63327236
63383453
63443973
63463031
63528761
63622587
63641591
63674090
63759998
63834753
63894988
63901311
64115316
64221009
64433721
64436307
64454851
64588124
64605689
64706865
64864564
65017448
65094615
65144760
65195831
65212537
65498944
65539522
65545235
65564914
65735702
65758768
65775837
65796238
65901318
65930476
65934357
65937114
66071710
66091669
66131563
66217249
66315807
66537984
66546282
66563713
66703463
66726479
66806629
66951736
66955455
67096419
67181286
67253813
67336478
67342819
67354293
67510118
67520016
67535853
67560975
67704422
67739851
67768059
67798265
67838509
67850195
67856605
67876570
67888638
67913042
67918907
68027430
68079762
68134982
68147190
68261255
68392756
68423901
68514821
68601384
68652590
68703737
68809951
68817313
69012800
69046317
69053751
69069728
69082897
69095455
69225919
69230205
69291524
69395282
69470425
69665808
69682732
69788284
69818436
69832865
69886613
69900953
69978780
70056113
70074328
70087721
70133873
70134946
70203106
70215455
70231453
70322630
70409629
70411334
70468205
70502166
70521320
70543645
70562396
70586916
70643754
70648128
70844165
71016236
71138257
71239444
71240270
71481176
71542059
71582288
71627559
71812804
71836620
71867815
71892187
71940179
71964072
72050661
72209448
72245607
72263519
72338159
72372106
72388302
72430705
72438937
72454295
72470253
72473140
72475845
72521421
72529894
72559633
72692033
72720552
72737588
72746530
72753891
72812088
72850063
72883109
72987104
72990179
73084034
73097398
73153720
73199430
73251006
73289122
73539830
73574377
73620135
73706087
73752643
73780937
73910644
73945375
74011759
74033354
74046355
74069589
74115588
74175472
74205566
74344827
74402262
74411300
74446399
74456164
74475379
74518071
74593717
74716059
74731181
74768067
74805220
74899835
74926574
74950135
74953434
75065230
75090707
75179858
75322911
75332350
75425581
75441620
75497238
75504319
75520691
75528869
75551384
75618459
75669651
75716164
75888144
75946545
76008875
76104229
76169987
76222442
76246320
76324674
76430872
76448131
76452124
76458261
76478307
76558030
76574834
76595317
76597878
76648631
76654943
76665268
76692931
76721728
76738400
76823642
76917010
77040895
77047516
77056130
77058719
77108209
77163972
77170606
77296334
77398083
77474972
77486148
77486466
77555515
77594103
77599756
77619283
77763895
77788728
77812537
77850936
77879651
77885368
77941515
78004020
78012156
78017817
78027885
78049197
78137333
78305741
78327034
78338634
78369338
78488194
78648331
78660522
78795288
78803797
78848092
78894605
78896871
78914366
78916194
78957415
79013817
79090269
79163425
79164131
79260256
79274505
79288418
79309835
79331693
79538231
79548462
79587989
79617918
79628086
79813861
79852158
79904836
79915494
80071357
80090971
80230172
80259596
80278498
80314747
80405975
80412082
80430972
80671878
80714525
80770053
80880673
80926309
81013290
81080226
81093546
81169731
81263495
81273622
81283795
81302022
81340183
81365152
81396474
81403385
81639033
81755450
81767369
81797996
81832757
81969801
81989371
82015076
82055771
82058781
82086859
82109793
82163832
82169372
82213755
82259963
82295950
82342783
82387938
82396419
82540962
82613890
82769328
82827353
82854026
82880795
82951511
83014145
83034118
83048562
83085748
83124621
83145695
83369057
83380961
83393937
83437147
83479278
83506057
83672033
83677565
83709212
83734623
83742871
83755339
83902202
83923969
84031505
84124772
84239919
84307638
84318993
84322206
84331931
84334846
84356223
84408347
84516883
84533023
84554988
84598129
84613894
84624419
84703983
84755511
84834687
84883762
84891807
84984605
85003385
85039895
85078046
85157195
85164826
85213697
85288656
85383909
85474541
85589539
85613214
85715764
85721073
85729133
85734646
85832728
86005959
86008502
86108820
86163497
86185175
86193328
86216423
86280493
86284560
86308312
86332209
86346157
86370092
86377124
86414345
86468055
86533948
86551070
86572135
86674031
86679459
86685805
86773358
86812288
86893566
86905919
86920752
87118349
87183358
87220877
87271423
87356500
87364918
87430208
87540093
87572448
87643772
87689851
87723946
87737403
87738896
87756530
87771677
87789413
87854249
87997991
88019269
88041209
88105910
88144342
88167365
88173313
88212549
88271459
88295521
88383691
88430009
88458811
88533173
88551253
88559170
88710503
88740245
88772396
88803454
88948824
88979864
89020697
89079501
89186383
89312657
89378451
89508697
89574351
89622109
89654051
89661301
89783999
89795458
89895778
89905720
89921082
89943023
90041990
90095172
90099260
90217019
90272062
90389672
90402029
90416523
90421049
90548236
90551235
90725998
90748315
90902858
90962921
91003184
91152599
91207405
91260674
91318172
91326958
91417377
91465542
91540841
91655566
91676096
91698772
91783756
91877786
91913607
91923039
91948882
92016666
92047552
92059128
92071921
92073257
92130991
92133186
92210325
92226689
92233313
92233997
92282998
92294939
92347055
92378567
92401923
92469543
92496983
92557509
92578933
92583681
92646218
92664973
92676077
92755334
92794991
92908306
92941128
92972680
93002916
93022628
93029547
93091078
93134646
93150845
93172037
93240193
93264522
93311045
93367763
93433614
93464687
93543288
93599038
93638550
93702881
93784002
93792069
93796638
93805634
93817739
93847976
93853883
93911027
93936455
93959978
94018623
94027843
94091131
94121809
94252382
94353650
94425141
94589922
94697388
94714771
94744721
94779345
94794090
94831230
94902985
95086278
95107222
95117604
95169387
95223885
95272459
95277609
95299320
95378916
95427744
95492552
95495896
95504962
95688326
95729510
95746230
95910013
95954152
95982047
96030422
96101979
96116568
96161458
96164340
96190969
96246488
96389654
96446732
96451477
96510926
96773020
96884324
96956648
96970188
96974884
96976178
97002021
97041810
97147232
97186332
97270153
97286876
97340650
97417791
97493097
97505214
97537869
97541682
97593782
97655293
97693699
97743683
97745551
97747664
97754171
97772057
97841506
97865196
97896530
97934489
97935806
97952524
98063404
98102846
98135210
98204606
98220261
98254246
98269968
98415710
98429032
98551974
98560891
98577222
98585161
98643152
98693402
98734867
98827306
98837088
98858270
98931777
99007520
99070807
99123835
99175294
99231443
99275522
99322534
99367468
99413581
99463799
99465946
99497033
99502026
99573518
99748724
99787633
99819968
99823875
99854784
99882725
99891838
99921501
99978170
99999309
100111168
100132273
100195310
100235950
100240599
100256436
100276507
100370138
100391020
100400314
100408573
100453751
100470055
100537063
100551266
100607765
100638850
100639496
100708164
100752960
100773897
100826664
100828414
100861001
100975779
101005204
101080200
101139615
101164825
101181669
101232441
101259437
101278507
101334690
101356458
101407010
101506072
101608285
101631876
101638655
101676553
101705583
101716252
101794229
101836286
101896399
101906287
101909271
102015271
102037117
102088814
102161980
102172150
102260317
102329789
102449612
102518183
102550820
102613326
102637452
102702419
102716526
102718501
102735175
102758137
102761846
102769684
102781109
102852250
102904308
102929342
102939595
103035502
103072040
103083073
103099964
103104768
103108353
103141487
103152267
103196927
103210049
103256052
103325162
103363474
103445582
103489305
103623042
103661514
103707624
103749483
103755171
103757493
103767985
103791406
103819675
103871753
103912560
103942070
103976224
103983293
103990474
104015898
104034021
104112665
104125506
104193904
104199673
104263049
104290373
104336701
104412543
104443603
104505315
104530219
104551935
104676750
104703588
104706175
104792323
104847888
104859743
104860332
104979613
105000170
105120471
105126805
105132326
105165451
105248134
105277403
105283527
105315346
105362469
105384182
105500245
105703086
105785562
105807736
105854934
105872956
105942145
105955398
105998168
106034096
106080529
106084055
106106855
106185489
106332403
106339518
106401979
106404209
106405071
106429928
106470238
106517641
106612205
106662093
106730865
106811528
106843343
106852433
106858192
106876657
106887778
106909092
106919700
106920868
106952029
106970816
106999327
107044336
107052609
107055469
107069923
107131328
107141030
107184122
107205532
107230032
107258426
107348702
107356034
107396407
107397298
107427565
107443159
107450068
107513926
107540308
107592159
107637766
107719234
107799499
107889473
107898194
107907268
107963250
107988754
107998568
108022067
108032947
108043300
108067451
108080297
108133144
108137075
108141466
108153361
108197685
108278871
108331037
108367271
108426582
108467798
108603574
108646171
108655201
108674785
108704812
108718078
108782315
108791695
108835569
108883932
108938198
108959109
108996580
109006795
109055357
109104043
109153895
109158327
109230467
109251931
109284347
109324301
109407288
109445134
109478326
109559033
109567740
109703877
109716912
109769994
109776311
109824430
109851410
109857560
109916014
109932664
109940078
109947689
109982780
109990744
109996713
110037993
110139144
110145600
110157730
110164368
110287667
110301218
110390983
110421941
110465504
110490663
110533521
110593442
110615758
110623040
110637744
110660221
110669068
110683073
110782210
110794714
110799685
110881055
111019586
111033332
111044839
111149403
111165056
111184802
111218380
111230790
111252604
111261098
111323263
111374791
111493626
111510584
111553523
111594344
111615811
111767854
111816281
111832163
111834184
111857599
111860435
111911547
111944209
111965828
112010321
112066266
112095942
112163299
112176944
112287607
112323106
112360137
112376957
112407162
112411983
112424265
112550006
112626873
112661490
112672239
112730224
112755190
112779065
112850026
112885844
112986583
113010984
113063108
113156483
113159808
113169485
113242448
113247316
113290061
113359668
113362513
113449573
113479733
113529752
113577262
113587482
113589114
113598991
113631144
113632925
113653375
113654831
113678020
113694388
113732450
113834196
113882532
113905987
113910067
114057078
114080783
114107979
114158028
114184352
114223931
114256096
114276775
114338719
114396657
114399863
114414306
114425226
114470367
114513129
114553367
114574297
114635849
114704952
114765525
114825177
114840248
114893558
114923083
115047142
115056134
115097202
115166174
115168522
115213148
115325555
115335275
115396521
115430173
115458212
115471852
115494063
115539317
115631186
115635978
115654860
115695795
115776054
115801153
115824904
115954767
116022851
116040621
116094786
116122943
116166123
116265106
116289753
116363369
116370793
116377942
116414153
116420213
116466489
116476032
116522455
116574272
116577780
116640879
116711362
116718922
116732324
116791156
116822457
116824733
116833638
116859251
116862556
116875164
116896825
116919811
116922686
117032474
117040133
117089863
117091452
117134364
117192355
117270491
117283091
117283963
117293280
117301684
117356554
117364827
117378815
117385351
117438223
117483373
117490397
117497103
117512482
117520239
117529991
117568340
117653750
117660448
117749125
117755243
117757274
117797055
117816184
117830342
117921702
117932058
117950470
117954291
117991614
118071069
118161056
118185557
118193156
118204249
118228421
118255206
118312487
118351268
118418207
118448229
118582582
118612342
118680670
118721126
118739048
118781995
118784167
118801684
118818073
118861325
118893269
118923916
118986604
118990160
118994689
119023969
119041927
119094695
119099015
119112691
119126960
119205742
119310160
119317678
119346785
119348286
119395682
119483704
119498667
119527762
119593592
119686098
119726587
119823364
119870071
119932971
120040453
120051874
120093957
120112752
120183331
120208852
120229172
120246880
120268525
120280682
120329176
120370381
120428256
120433451
120479562
120519552
120540020
120555868
120572437
120579870
120592924
120596411
120609854
120643062
120707695
120729508
120749662
120755673
120767469
120774213
120813671
120838921
120848575
120898475
120913309
120964356
120977304
121031745
121042183
121057019
121072414
121177020
121209930
121231025
121291409
121342367
121343294
121355758
121408156
121492740
121528640
121561823
121567102
121568708
121599678
121622086
121636646
121654286
121677619
121694427
121702229
121812261
121821501
121833800
121845714
121854971
121888433
121897473
121943656
122018393
122096438
122105153
122161816
122193489
122292029
122302174
122334210
122346434
122369683
122436176
122579154
122596053
122663192
122702104
122771558
122776062
122786602
122902219
122930710
122943129
122953078
123010285
123059065
123090036
123111670
123140326
123254201
123260748
123289487
123290084
123305116
123363634
123389463
123410275
123439380
123444675
123453107
123496063
123531488
123606713
123676796
123698597
123733900
123746297
123760589
123916445
123982541
124039836
124178386
124203864
124279734
124300696
124403553
124407195
124436887
124444829
124475167
124482030
124483434
124672436
124689818
124779728
124799783
124843969
124875500
124929399
124965045
124968299
124972648
124979425
124992558
125069859
125113248
125117521
125209478
125296956
125393531
125440036
125458856
125488630
125528395
125537455
125552614
125572977
125601596
125603941
125604999
125617820
125639591
125763286
125804322
125898681
125907979
125921054
125961176
125962977
126011939
126022254
126030890
126125414
126129578
126143970
126217410
126240570
126242977
126254547
126282469
126355810
126377674
126497724
126538091
126602414
126617597
126623555
126657957
126744685
126800729
126824325
126861769
126917119
126926886
126931263
126978534
126981553
127003104
127017696
127024887
127048811
127064040
127086198
127107486
127162533
127232171
127319116
127366920
127382284
127422865
127426187
127462970
127469077
127476566
127488891
127507588
127571811
127604058
127614694
127625888
127627903
127631726
127672663
127705560
127725997
127859892
127884236
127911010
127968772
127981455
127988528
128027164
128050876
128095590
128151260
128210742
128307932
128375889
128391204
128452923
128507919
128515115
128521672
128545705
128576634
128628984
128644255
128655062
128713671
128726179
128732830
128738313
128742022
128762589
128856135
128874275
128936747
128952272
128961098
129038048
129090448
129095129
129106242
129107656
129112124
129211764
129221137
129236795
129272887
129375402
129427547
129429367
129442199
129486068
129503768
129548657
129571625
129581593
129586437
129610546
129660223
129684873
129759827
129775127
129836460
129841834
129852692
129875053
129886458
129928240
129952310
129967456
130030324
130072149
130125084
130155393
130176090
130236307
130363722
130481755
130521999
130584780
130677397
130678886
130696270
130785963
130794436
130854851
130882559
130939238
130941885
130952084
130965315
131003013
131099524
131121570
131163803
131167709
131189408
131200427
131207157
131228873
131230118
131233588
131307996
131309572
131322362
131344806
131390970
131433174
131449546
131489023
131532073
131573904
131575894
131610265
131636451
131682047
131689696
131717510
131830368
131853125
131879523
131886271
131930653
132066917
132167657
132209475
132221703
132302152
132313140
132417655
132438994
132441360
132465258
132497238
132506392
132535444
132629773
132652673
132659904
132781056
132878296
132883957
132940288
132976197
132993265
133028565
133051048
133113411
133143218
133220745
133239459
133250766
133271280
133294382
133338912
133350310
133362781
133384720
133405055
133419393
133519508
133522259
133642688
133647445
133688240
133710681
133736691
133771540
133787665
133838922
133867245
133895694
133905743
133912577
133934170
133944873
133955115
133966777
133967972
133973697
134000239
134009477
134107508
134138816
134146492
134148577
134167602
134268572
134283542
134300610
134309780
134322747
134377754
134426419
134462466
134575781
134591351
134597533
134612794
134620465
134630138
134647778
134662465
134719204
134722417
134733426
134744884
134796640
134800168
134814631
134864211
134869446
134895322
134899825
134910490
134910884
134918261
134981047
135020328
135073955
135116499
135144568
135178214
135195936
135207252
135222596
135235062
135258095
135278848
135327067
135338113
135359374
135362664
135385067
135427729
135517276
135526056
135552723
135635283
135637301
135638453
135639083
135682862
135703509
135726756
135731057
135742777
135817429
135851320
135896039
135930243
135933935
135943909
135973439
136003357
136003820
136012082
136041877
136058089
136099000
136136274
136178494
136179168
136201316
136223214
136244121
136308206
136343627
136359980
136377871
136380077
136394837
136415617
136458252
136464156
136489002
136495121
136504681
136532302
136542169
136563854
136577528
136587275
136629292
136668811
136679778
136705327
136707281
136746506
136773394
136791296
136821771
136863510
136946668
136949534
136959195
137043022
137092051
137100242
137200421
137212983
137216426
137225008
137251484
137263997
137321851
137327667
137343709
137382080
137402920
137419445
137426393
137430104
137436258
137437653
137467834
137510543
137522643
137591407
137691469
137750628
137760563
137777067
137784209
137799547
137810926
137815022
137841340
137886262
137896756
137917736
137928014
137938154
137941952
137973130
137978768
137993643
137995302
138010082
138079222
138092827
138103709
138215826
138237261
138259026
138326331
138328566
138335077
138346830
138371602
138382868
138394542
138477478
138487365
138504878
138560332
138606571
138728054
138776507
138790356
138830258
138853699
138855394
138906598
138959455
138999323
139096366
139098286
139151214
139163330
139164916
139231021
139277424
139305947
139372081
139377103
139398058
139403657
139442467
139493930
139529166
139538075
139549170
139572268
139679063
139689545
139702749
139707848
139778269
139790668
139795471
139804036
139813153
139843453
139868941
139871283
139889206
139892292
139934246
139961959
140036461
140044681
140059797
140106241
140120893
140143384
140144511
140165276
140189046
140212430
140220186
140253297
140257919
140282845
140310414
140323546
140331887
140377498
140467307
140468105
140490391
140498339
140545649
140668046
140716670
140732800
140753871
140844219
140854503
140895950
140947065
140953819
140985632
140993534
141027962
141054859
141069796
141093800
141094938
141099800
141112864
141134230
141140287
141150599
141152656
141177920
141183706
141234280
141249907
141265623
141301605
141311026
141322649
141373427
141463181
141491027
141491868
141557150
141580477
141602270
141636297
141658675
141715228
141798624
141830991
141845082
141859644
141890297
141898605
141918285
141941721
141951512
142039121
142107523
142136022
142146902
142148905
142154997
142166348
142306602
142310900
142345027
142355864
142402256
142417649
142425176
142441229
142467689
142491306
142520767
142544892
142574323
142627865
142631086
142663323
142665486
142687868
142786258
142878118
142930468
142934333
142946076
142948574
142967541
143004283
143055803
143057144
143059375
143084815
143087887
143220726
143355107
143412491
143416465
143459994
143483423
143508485
143528344
143528986
143626768
143630650
143663230
143735961
143800245
143804536
143808467
143836507
143852132
143886485
143916249
143971527
143983994
144004972
144011377
144046260
144049295
144082094
144160493
144162765
144176762
144188848
144248343
144272484
144273341
144300840
144346727
144407832
144415184
144429760
144474014
144479491
144507211
144526012
144530721
144547899
144550043
144563115
144579114
144596092
144632684
144680859
144684014
144685324
144692531
144710426
144774926
144819320
144840621
144868099
144883626
144886307
144895194
144903955
144934329
144981415
145021834
145056438
145058091
145066832
145077129
145125482
145151566
145168037
145176832
145225915
145271060
145274079
145298863
145330281
145341023
145366733
145371673
145399242
145434727
145441593
145459404
145513458
145535137
145542688
145589006
145598261
145656515
145665241
145669351
145698349
145702917
145703936
145744860
145812584
145828385
145849586
145883937
145891762
145904974
145944402
145950423
145983290
146025861
146119446
146152417
146164158
146164844
146181456
146208367
146344598
146371765
146400695
146414737
146434453
146474694
146481031
146513953
146605630
146623153
146662339
146667245
146705619
146745836
146749756
146754427
146763543
146768611
146811368
146832119
146853599
146898165
146919845
146946394
146957988
146987902
146988723
147001757
147003220
147010058
147035691
147051489
147065076
147121307
147133007
147151426
147183758
147199745
147203881
147204402
147249659
147258354
147281350
147310140
147322928
147394293
147420363
147451087
147474474
147477317
147523263
147537022
147546436
147613405
147622836
147623623
147634784
147676207
147680624
147710789
147754629
147758904
147790625
147795975
147811506
147812895
147916652
147929273
147938467
147940711
147975429
147985307
147994096
148007152
148017198
148024414
148064662
148066743
148108389
148116187
148125819
148127014
148129466
148181856
148188972
148211937
148281623
148345671
148358883
148426698
148435102
148462371
148504508
148524044
148532046
148537406
148569191
148586312
148644534
148760050
148806023
148861768
148878253
148911032
148965113
148998830
149010000
149059322
149064857
149073260
149113815
149135741
149180476
149208106
149209497
149221565
149239933
149254105
149302853
149315514
149325146
149330882
149413656
149541837
149559462
149585448
149598818
149629580
149653807
149669423
149684927
149692389
149760047
149768622
149769754
149775329
149777574
149850742
149868173
149875409
149901094
149935444
149945278
149961566
149964584
150026051
150028802
150055420
150064560
150092550
150102238
150155433
150185429
150190177
150200260
150200827
150219321
150252313
150257388
150270755
150286123
150318480
150379228
150384908
150387739
150403796
150410321
150467058
150485452
150492073
150514087
150653776
150789628
150796445
150829618
150864033
150877834
150942108
150962506
150965099
151018257
151046174
151127413
151151908
151172317
151199420
151209821
151218819
151241961
151272402
151277308
151296289
151343595
151348817
151359653
151386857
151404273
151405521
151444720
151482779
151501893
151529243
151557524
151611387
151625782
151672400
151673901
151711181
151730112
151758828
151808633
151822158
151976310
151979735
151995598
152022266
152038601
152060176
152078201
152100817
152140096
152157528
152169412
152189925
152205815
152240675
152259136
152311101
152370647
152376461
152394818
152395030
152417512
152461487
152475977
152501023
152542705
152563639
152565762
152594151
152624931
152635384
152666350
152678242
152681926
152697747
152738235
152780043
152804851
152825416
152881672
152929994
152945210
152955128
152964435
152994632
153000374
153015581
153039099
153043159
153049165
153056894
153059447
153154010
153158208
153270179
153279088
153302875
153312411
153363335
153379593
153430561
153431509
153449570
153472745
153488911
153496326
153505733
153507269
153510256
153513200
153518736
153521472
153570756
153589516
153596037
153600736
153611381
153617623
153620771
153640655
153664869
153687095
153707874
153710777
153759373
153781394
153820200
153863643
153951641
153959745
154007630
154040745
154066739
154073151
154078688
154107259
154202545
154235174
154247064
154298555
154303662
154305778
154336114
154372228
154392925
154405062
154417937
154505127
154507273
154511573
154524527
154594167
154682164
154689055
154692193
154694645
154696587
154704202
154710114
154759163
154789448
154794976
154819498
154875699
154886972
154982611
155002165
155023789
155028890
155038775
155041911
155057345
155075023
155081691
155113779
155129942
155187385
155197925
155200565
155213530
155274185
155337762
155345270
155362270
155369622
155389248
155397133
155456162
155468982
155478111
155481548
155483619
155493957
155528595
155612231
155626364
155645403
155665300
155735522
155786884
155826727
155840087
155895703
155934946
155938708
155955800
155956864
156046028
156086350
156125215
156139764
156173507
156254827
156274429
156323828
156336353
156350744
156368700
156375675
156388204
156430105
156452657
156455332
156488778
156489574
156535248
156537417
156559474
156568664
156598483
156623110
156626882
156660778
156673827
156703641
156715877
156725441
156742208
156760022
156805611
156824385
156836335
156846459
156866944
156882157
156919370
156921287
156943702
156949177
156969589
156972321
156992083
157001242
157030611
157062089
157070325
157116291
157135430
157163008
157204285
157218882
157222857
157225130
157230006
157252859
157330151
157342634
157356489
157363498
157367914
157407569
157436974
157445234
157462960
157470361
157496466
157542734
157558766
157561605
157581635
157613504
157616006
157667180
157706895
157708124
157768631
157812502
157831715
157848120
157854591
157878787
157943411
157956708
157975136
157990848
158002666
158047005
158048528
158086210
158098752
158207813
158208310
158217261
158238821
158249426
158253562
158268958
158281893
158314599
158327645
158357055
158360810
158402593
158431933
158488798
158620665
158697696
158704388
158712916
158739716
158746096
158774547
158781125
158815561
158825185
158835728
158847789
158853016
158902169
158987573
158992094
159008726
159014283
159037064
159067981
159070033
159151170
159179944
159206504
159211416
159218375
159261916
159310248
159314623
159332460
159342354
159371779
159390848
159471521
159507455
159535825
159571258
159578265
159599994
159603642
159645962
159655429
159660745
159663094
159668583
159676422
159693242
159729043
159748648
159760421
159765738
159779660
159803792
159866793
159903938
159908702
159910153
159933394
159958034
159989410
160022668
160032380
160052255
160058745
160060047
160068975
160084570
160116347
160147922
160171143
160183069
160189094
160199240
160249157
160295894
160317464
160318363
160330849
160337313
160357210
160381533
160387802
160397187
160434446
160485003
160488307
160491162
160499664
160532248
160554842
160559906
160575327
160613170
160616181
160636322
160649998
160700327
160724822
160770863
160796844
160840516
160916022
160945684
160951966
160994379
161000796
161032895
161049764
161063168
161133928
161134823
161147514
161149763
161167998
161191979
161207842
161237473
161254627
161263046
161266769
161274638
161359443
161446476
161472649
161475246
161561286
161603776
161605430
161620495
161644083
161699332
161721059
161762965
161800149
161816731
161834489
161841430
161874794
161877575
161895289
161906084
161942259
161947386
161966336
162012340
162031762
162042057
162057699
162061273
162179794
162210025
162216631
162234802
162305085
162326254
162374440
162390400
162420105
162471220
162610042
162641150
162700718
162715318
162728436
162752602
162759883
162804350
162854623
162871866
162912154
162912789
162915488
162934805
162949799
162979207
162988921
163014089
163040732
163079280
163097817
163104295
163119295
163126975
163133689
163150179
163160293
163206871
163288743
163294043
163303648
163433199
163459157
163463169
163470074
163488724
163531573
163555497
163574139
163597576
163603198
163605344
163631300
163684683
163706823
163753695
163818328
163870066
163872806
163881228
163912382
163922562
164003342
164019164
164051679
164089416
164131940
164231468
164273414
164284862
164295956
164335085
164378159
164424436
164481880
164518798
164533920
164554046
164584878
164592951
164607468
164659973
164695850
164710509
164750401
164792413
164808489
164817011
164820469
164844627
164877124
164878171
164884804
164886386
164897308
164926955
164945896
164972016
164987867
165002534
165003186
165018716
165130193
165134252
165156354
165159173
165171999
165175200
165187647
165216709
165223192
165224907
165225693
165286884
165325109
165367264
165386637
165424383
165446301
165459822
165497071
165512029
165513575
165515443
165550070
165572677
165575577
165593199
165644174
165673140
165724984
165776884
165819855
165942849
165954134
165957441
165999110
166010684
166047913
166062286
166105243
166108652
166115914
166117746
166175759
166179079
166183249
166232548
166237045
166289543
166312191
166332307
166344631
166367579
166412733
166415552
166429413
166538475
166577198
166588015
166609528
166634281
166656829
166658448
166688705
166716639
166757789
166768518
166770216
166778435
166813651
166820010
166821478
166834021
166842044
166899249
166912519
166994228
166998770
167000387
167006039
167045363
167099169
167133157
167188535
167204805
167210004
167243975
167249420
167253285
167263442
167271034
167271857
167273570
167305837
167311819
167353498
167356589
167368782
167417541
167431980
167438222
167449055
167478181
167505575
167509021
167518848
167521174
167564912
167573810
167575955
167583220
167590276
167592388
167670718
167686434
167725651
167782601
167804486
167805779
167829621
167836064
167863916
167911983
167959073
168014920
168028020
168032063
168092882
168136188
168151318
168161233
168182775
168190161
168191131
168192493
168196317
168218804
168239910
168281714
168288713
168299192
168304714
168317507
168328485
168330813
168367929
168389092
168428238
168439745
168440268
168444813
168448470
168450330
168470123
168493045
168502782
168562185
168598269
168604982
168641641
168653124
168672463
168748445
168749745
168816465
168832202
168842527
168883290
168887661
168898071
168942748
168964371
168996274
169013392
169015481
169017239
169065150
169066189
169078073
169144153
169249828
169295658
169305966
169315562
169354946
169357513
169376451
169421778
169438144
169460950
169473246
169492032
169511478
169516860
169532923
169543828
169584147
169595197
169604477
169606191
169646834
169649996
169652562
169683362
169698252
169719353
169730307
169845489
169882153
169921706
169926964
169928662
169935748
169981232
169999337
170016761
170043380
170052147
170073112
170097497
170101819
170121561
170145154
170166671
170188461
170205263
170237913
170240467
170245627
170251400
170254582
170289600
170333401
170364225
170397803
170409186
170440237
170448447
170484406
170496392
170519741
170534620
170688529
170702330
170703637
170741497
170776116
170788499
170793873
170842061
170868209
170922563
170941171
170986761
171017214
171034509
171064880
171083443
171086523
171139303
171156755
171169299
171186570
171188001
171220067
171269750
171275808
171286483
171288853
171299370
171333439
171378701
171438330
171447865
171487608
171493755
171522941
171543800
171556591
171559088
171565836
171622564
171645669
171702915
171712438
171723836
171731295
171749284
171760568
171780658
171836175
171861611
171865940
171890581
171955906
171964939
171992713
171998337
172007208
172019343
172020683
172051252
172057571
172095293
172122505
172126481
172137510
172142445
172189938
172195431
172237203
172244439
172269611
172290824
172294683
172310093
172329421
172356956
172358762
172415847
172426095
172495124
172542849
172596787
172598987
172616696
172661669
172689486
172699291
172727825
172763059
172776131
172790336
172798498
172809599
172811270
172814659
172816890
172864249
172864755
172890733
172921300
172936955
172951392
172952908
172962747
172981543
172991011
173007855
173030444
173041629
173067068
173084850
173131174
173145198
173190602
173214549
173218343
173268839
173269904
173276880
173291070
173308569
173318906
173352869
173372644
173402325
173436737
173447661
173463943
173511202
173515054
173517101
173544693
173563744
173614299
173620380
173654540
173685882
173725315
173774607
173802351
173824263
173845019
173849047
173857887
173869836
173885139
173887025
173925558
173964844
174013386
174053985
174056805
174072823
174082534
174084149
174123774
174130306
174141554
174156279
174169403
174186733
174213326
174248868
174255139
174264877
174289299
174292595
174299181
174302350
174313459
174315427
174330227
174373868
174393002
174398130
174428135
174431968
174463996
174508529
174533819
174548506
174570700
174577034
174600237
174615086
174617498
174644273
174657525
174661501
174673814
174690856
174691614
174694888
174705043
174801670
174807820
174848805
174894350
174900158
174911082
174964408
174980438
175012696
175029259
175064875
175081945
175110934
175130831
175140301
175181306
175322033
175358098
175388360
175391003
175421842
175431171
175443621
175462000
175468015
175475925
175505083
175550684
175605502
175642423
175643259
175675912
175678831
175707686
175726328
175733088
175758801
175825725
175839829
175844110
175893101
175905791
175914619
175927514
175934837
175992637
176003552
176019052
176029279
176073953
176074729
176085400
176132611
176137035
176167817
176193977
176265727
176270547
176280947
176282271
176304341
176343784
176349470
176370179
176372076
176433634
176435765
176446239
176501287
176570445
176572749
176597425
176627162
176633423
176692000
176705531
176795274
176805163
176815504
176827818
176845040
176853625
176974498
176981728
176991566
177001735
177007070
177013687
177022843
177030179
177083615
177088085
177113103
177115984
177124958
177165320
177172243
177176778
177182221
177217790
177242880
177244813
177248270
177253183
177254765
177267810
177299890
177313428
177316278
177332329
177333436
177339041
177367858
177375654
177436438
177441352
177465920
177472860
177476368
177510576
177527037
177531364
177562230
177567148
177569097
177572797
177618479
177660116
177675299
177701817
177728438
177737834
177751766
177759720
177761698
177765594
177781167
177792901
177797586
177799163
177834550
177839408
177854043
177892364
177919041
177932474
177968903
177999573
178008117
178031420
178036192
178057765
178096666
178107796
178117146
178120329
178156667
178206472
178243088
178250126
178283428
178314696
178379694
178398279
178402370
178414497
178454661
178457208
178469597
178476250
178479519
178501098
178509104
178545979
178552759
178604464
178647266
178656965
178694438
178698785
178716259
178728935
178738112
178745943
178755761
178766203
178770266
178775449
178818959
178840100
178898590
178904880
178923937
178954553
178958464
179004894
179012724
179054353
179065789
179090879
179099471
179123566
179133131
179205539
179208142
179215212
179246905
179253157
179262269
179265253
179285542
179306691
179320216
179330904
179332556
179359298
179394414
179394988
179395676
179406288
179434454
179451495
179459646
179467579
179491256
179507019
179511605
179538978
179549470
179561075
179576356
179607549
179624087
179643747
179651620
179668955
179683593
179699607
179713849
179728174
179730250
179749928
179804956
179832564
179852947
179868067
179894116
179898932
179904276
179911383
179966806
179983439
180011836
180084992
180143754
180151845
180153623
180167140
180179821
180202790
180221639
180236781
180241474
180248226
180257981
180262498
180291985
180303858
180314286
180334101
180339683
180345698
180363090
180383908
180394624
180422585
180429306
180431286
180434900
180483766
180503841
180511280
180522651
180564694
180571014
180612111
180630015
180632011
180650000
180702426
180727688
180767773
180784610
180802490
180827112
180904993
180912269
180926403
180983414
180994187
181010206
181018576
181068244
181125636
181210183
181243029
181261672
181278158
181311606
181317043
181356985
181365592
181403879
181423751
181495512
181497863
181554099
181597758
181616251
181620346
181622604
181720598
181737874
181741197
181750055
181788052
181848887
181871337
181885764
181894269
181898192
181921743
181964862
181977181
182031181
182052290
182066104
182092658
182098256
182110172
182119187
182121038
182128124
182135605
182142773
182221129
182305706
182338665
182361533
182378818
182384322
182389220
182397916
182413245
182415701
182486701
182520304
182587190
182616119
182626812
182632959
182663019
182666059
182666869
182722445
182722898
182753372
182755232
182767740
182787213
182787601
182790558
182835562
182847884
182884089
182958037
182992314
182998091
183002830
183014891
183032183
183041511
183045821
183054948
183061556
183070897
183100677
183101683
183146196
183150614
183151640
183158207
183199107
183214885
183229524
183237054
183273137
183281768
183314990
183354637
183364346
183368642
183404898
183474144
183480715
183490172
183491995
183496510
183499437
183532142
183595140
183614753
183626369
183650907
183660801
183666399
183670204
183681372
183685977
183729582
183734162
183753325
183810116
183820819
183842856
183843903
183865625
183873983
183955913
183957826
183958593
183982737
183988975
183999307
184000706
184011795
184013481
184029240
184039628
184068301
184101035
184109846
184132448
184143040
184146798
184151231
184160993
184163344
184179413
184226252
184235467
184264576
184315691
184322761
184326731
184340956
184343406
184400450
184408101
184419897
184425965
184453508
184463373
184463875
184487197
184529979
184567148
184572126
184620658
184634721
184639132
184655464
184749528
184809103
184811177
184879114
184892382
184972767
184988337
184999509
185017403
185020128
185057457
185059818
185062246
185071799
185126602
185144921
185178833
185188290
185190370
185208855
185221369
185232132
185375896
185379718
185409257
185414577
185447345
185450971
185469307
185471166
185472490
185491764
185511070
185537149
185543382
185565422
185572549
185578319
185582068
185590070
185619922
185623998
185652371
185659550
185715698
185753339
185757594
185770806
185836441
185881240
185895363
185913956
185940026
185973808
186012338
186048357
186049438
186050553
186072520
186141389
186177091
186197911
186241134
186243037
186261312
186298803
186306520
186406936
186416151
186422080
186434807
186486260
186493636
186508933
186530985
186591706
186599994
186627571
186630444
186640604
186641604
186657967
186664847
186694750
186747806
186766128
186768647
186781456
186783447
186784308
186832055
186897403
186912670
186919893
186926274
186928983
186930618
186980153
187015331
187025445
187030085
187071193
187075011
187095811
187106282
187110832
187127003
187128479
187177141
187196433
187207068
187212703
187231950
187262019
187298133
187308904
187348595
187349782
187352884
187408256
187416909
187445583
187454538
187457795
187467618
187475103
187490049
187578939
187596663
187622518
187643591
187654037
187668131
187669366
187689317
187694098
187748186
187759386
187762839
187788861
187796259
187862684
187869483
187872474
187889078
187947095
187979112
187990348
187991070
188013854
188018124
188026229
188032847
188041512
188099793
188109514
188140890
188146068
188165018
188173414
188205856
188220887
188244638
188246842
188259189
188262193
188266743
188286510
188314451
188325464
188347704
188371575
188376987
188389427
188406718
188442680
188445408
188457697
188469165
188474776
188486800
188490379
188521997
188541508
188547188
188603287
188619091
188636076
188757490
188777940
188794011
188795032
188825545
188832716
188847712
188853141
188855193
188876192
188892095
188947965
188968136
188978793
189007099
189026804
189071023
189088638
189120626
189161925
189186806
189190638
189221686
189233655
189290982
189293940
189322393
189330733
189358590
189365577
189374225
189390338
189395469
189399955
189415242
189430161
189490160
189503606
189529607
189576163
189584837
189595682
189610152
189655144
189676315
189689375
189704389
189715826
189726361
189737802
189742598
189746701
189758853
189777938
189788600
189822157
189857502
189927409
189976849
190023562
190031111
190035119
190047762
190070882
190088553
190089489
190129789
190141286
190154422
190169196
190179096
190195382
190207850
190223840
190268755
190282539
190285884
190293482
190296584
190319283
190341042
190377659
190381895
190387157
190388046
190388394
190420379
190430136
190432887
190439613
190451753
190471711
190525846
190556052
190608601
190664865
190698501
190705584
190738856
190754773
190804664
190815391
190874037
190874319
190911521
190917415
190937820
190941021
190960158
190982794
191023845
191045391
191055546
191097555
191113659
191146495
191166495
191176358
191274232
191277120
191281256
191299027
191308748
191318486
191342243
191365915
191374854
191394276
191430889
191450612
191454294
191483048
191503802
191524225
191525047
191530782
191533445
191540484
191572436
191576252
191630871
191643766
191664717
191667180
191690320
191694142
191696429
191714593
191721652
191739826
191752992
191788658
191817237
191849424
191920509
191939891
191963725
191984650
191986308
191987587
192034750
192076728
192078079
192115024
192144891
192179338
192185423
192195558
192233395
192254973
192291340
192300875
192320941
192334993
192347919
192394175
192427422
192434920
192441740
192446850
192460781
192494586
192526704
192554256
192582855
192641263
192674382
192688573
192690343
192703911
192709512
192712265
192714326
192753007
192763352
192773243
192787251
192803734
192841155
192864362
192875050
192929084
192976605
192989663
193015321
193051366
193074105
193083558
193103278
193107661
193188975
193215865
193260019
193279864
193360603
193371098
193376649
193397351
193411094
193432335
193470217
193473670
193477225
193478662
193507782
193523421
193535390
193592824
193619425
193633557
193637607
193639591
193647288
193692061
193709427
193742729
193757811
193805711
193849167
193850184
193881621
193884203
193932491
193935000
193936104
193977166
193994217
193999267
194012561
194052238
194054890
194078847
194084964
194089877
194143858
194185161
194212450
194215280
194218708
194233403
194241414
194256029
194269103
194301314
194322650
194325710
194327544
194400125
194402390
194424457
194429746
194456593
194461149
194470409
194501495
194559582
194588023
194590225
194596615
194611821
194623895
194629745
194662812
194700511
194707103
194712420
194714528
194720756
194729676
194772461
194780690
194788257
194801080
194806608
194812524
194882384
194893351
194914181
194917413
194921888
194923572
194928089
194941318
194971184
194980789
194996837
195023570
195032245
195091573
195148241
195158053
195169719
195171822
195178159
195200166
195206748
195213346
195214461
195220378
195225870
195227223
195254433
195267769
195286108
195300755
195331869
195341232
195350988
195370248
195381593
195392741
195438244
195459050
195465876
195486949
195500202
195513341
195516701
195534184
195554523
195559525
195581446
195583792
195610377
195624996
195653449
195714084
195730138
195781427
195815650
195833754
195840113
195845087
195889738
195905320
195959131
195968687
195977942
195995911
195997044
196028810
196064780
196089492
196098718
196120974
196125157
196138403
196153277
196181189
196186634
196214435
196242434
196255631
196270792
196291416
196308356
196401257
196406257
196408149
196467568
196488141
196517625
196519361
196534976
196570504
196625412
196626432
196643062
196682176
196737485
196760662
196771949
196774747
196776278
196778320
196783932
196816720
196839886
196877544
196905500
196935100
196957599
196982201
197012348
197013510
197014939
197023269
197028535
197049260
197059534
197066788
197083918
197087635
197099369
197103138
197112022
197128012
197132597
197155528
197173396
197184697
197192232
197215852
197227431
197270266
197291788
197316260
197322224
197349621
197390809
197402202
197408140
197437469
197438648
197463995
197492662
197529032
197537530
197566817
197577505
197590249
197615391
197625657
197640710
197665381
197667993
197669374
197684038
197689817
197699603
197706991
197714828
197721695
197728555
197731536
197747955
197761397
197775645
197791728
197843396
197845399
197952109
197954754
197971467
197997009
198003953
198018089
198054027
198104472
198111922
198115184
198127880
198144329
198146628
198156826
198167082
198193354
198203890
198268080
198268826
198315403
198321175
198330640
198353662
198367835
198398526
198402207
198422181
198473179
198505161
198512771
198532332
198543096
198556065
198577847
198612644
198653562
198745520
198761361
198788886
198800906
198823061
198830952
198858033
198929796
198931009
198932851
198952292
198959505
199033882
199088153
199110802
199112253
199132464
199134872
199148779
199151836
199160097
199176656
199180524
199184616
199194112
199197205
199216855
199234057
199236832
199280067
199288150
199325330
199348575
199350853
199370422
199375691
199396995
199417626
199424433
199431134
199434166
199435929
199446315
199510604
199511883
199513882
199557080
199570837
199592525
199614970
199626766
199628527
199645912
199654519
199656790
199678331
199680426
199681134
199707164
199742374
199758313
199762570
199777260
199780531
199792402
199805945
199812302
199871944
199899283
199928154
199956944
199968675
199986325
199994054
200008211
200029124
200031730
200059947
200075757
200087851
200145551
200153957
200168150
200174600
200199906
200207302
200219759
200231748
200251811
200258109
200271900
200274892
200277822
200294893
200300551
200306413
200311507
200315231
200356792
200360973
200362696
200382614
200383993
200385325
200388008
200392737
200410812
200419791
200463194
200477686
200481153
200528321
200546304
200548390
200553807
200596718
200600023
200622374
200631781
200691469
