0
930556
962468
1038554
1324032
1577493
2076140
2818345
3278714
3753086
5166213
5761106
6173227
6641308
7028047
7051521
7449133
8646485
8669753
8928151
8966743
9556302
9680275
9746448
10258552
10320529
10527693
10704195
11151143
11363840
11781774
12312270
12340057
12429853
12556773
12595908
12655295
12850711
13022237
13159816
13675915
14351398
14498610
14662841
15070646
15258534
15353972
15463544
15578562
15618126
15797793
16027759
16274642
16316572
16496118
16828513
16869050
17050349
17146483
17201345
17494124
17528438
17642495
17677851
18180748
18578431
18729925
18734555
18851806
19034915
19204857
19640582
19697715
19859040
20129279
20325878
20586421
20956792
21170107
21194099
21344770
21433536
21642666
21652885
21863390
21991446
22018601
22186414
22191354
22554972
22565204
22671114
22924420
22938349
22989779
22991722
23045624
23298157
23336696
23347827
23564769
23648917
23758226
23762895
23783342
23800735
24038625
24334929
24364699
24515583
24603436
25010083
25053757
25058071
25091294
25101762
25269911
25465852
25599133
25792119
25964549
26235420
26313525
26374796
26387691
26491809
26808106
27175025
27277528
27384113
27531626
27680616
27740373
27794366
28029541
28186685
28196836
28213227
28455671
28503748
28574236
28840767
28876930
29085946
29203216
29345763
29476417
29599817
29633128
29835961
29911399
29999809
30123100
30255305
30403293
30408360
30410565
30450181
30504513
30578642
30607427
30842206
30947610
31037804
31048143
31118236
31178993
31263301
31626535
31665915
31689942
31815132
31927527
31938673
32074253
32176392
32423364
32439214
32453312
32506334
32545646
32625263
32746624
32760006
32864868
32890861
32925317
32960015
33093687
33122876
33411311
33590694
33632505
33682777
33715656
33799772
33814585
33884978
33904773
33942452
34031428
34104338
34158461
34212166
34263789
34337467
34425888
34474063
34489041
34644844
34925700
34937818
35027383
35071210
35395287
35490695
35608468
35619220
35688540
35891431
35945191
35983231
36044557
36165307
36292210
36355636
36482173
36492561
36500757
36768783
36802833
36831242
36840039
36846243
36987919
36995286
37037578
37229526
37289306
37485496
37611289
37817764
37830095
37862757
37951014
37973106
38088515
38117233
38172456
38335452
38360316
38450367
38661762
38707205
38739147
38754867
38825269
38851713
38858926
38981529
39139338
39281903
39369109
39411390
39514261
39544018
39640980
39661113
39698805
39702083
39906475
40031269
40153766
40187731
40204195
40214050
40416557
40596438
40610027
40619491
40694037
40732149
40738116
40821138
40864997
40896031
40899074
41137518
41170400
41176663
41188052
41191382
41244324
41450357
41469940
41476844
41504920
41583449
41664314
41709241
41789073
41921700
41961427
42047162
42134011
42231516
42280760
42308775
42406092
42432950
42781785
42866840
42985789
43006849
43153358
43328735
43379702
43490527
43553951
43966248
44023227
44061930
44069910
44091381
44118351
44147084
44191622
44197973
44240236
44264778
44309556
44451774
44471579
44699985
44801000
44868524
44920249
44928921
44930891
45025676
45083370
45145449
45184533
45189475
45268183
45281803
45285506
45301499
45352544
45358886
45449420
45461275
45484967
45546691
45580714
45623834
45702184
45890470
45899249
45991144
46041725
46160793
46197238
46299685
46341329
46363638
46487271
46553606
46696188
46716353
46721019
46774612
46796466
46807616
46848826
46965831
47037970
47157699
47167754
47317898
47376399
47398753
47407736
47435018
47447281
47470555
47508115
47603264
47673494
47681494
47698086
47789534
47871703
47949987
48003222
48033968
48092334
48186889
48198201
48264923
48477273
48557294
48587092
48609810
48709030
48761494
48769914
48983849
49085156
49140149
49153093
49190093
49355461
49382275
49473614
49563575
49605130
49667944
49682443
49758765
49760938
49765087
49822399
49852135
49954823
50032762
50301395
50569706
50707120
50880586
50918417
50944805
51194330
51242061
51326763
51361573
51587744
51642492
51730595
51800768
51961995
51988263
51992360
52016730
52099399
52212438
52389989
52416761
52452602
52539605
52542470
52605395
52741872
52768494
52779740
52831512
53001880
53033764
53413752
53426218
53430391
53572574
53578488
53703037
53803175
53852836
53924097
53954371
53999304
54018056
54025889
54091222
54104579
54107189
54231265
54254145
54342255
54355899
54378583
54396205
54402510
54465591
54475172
54479828
54491852
54549101
54622226
54893752
54946651
54952438
54988426
55009300
55088435
55147480
55232583
55276952
55302394
55435374
55457223
55465450
55490827
55592224
55704626
55749471
55775690
55907399
55911151
55927272
55939140
55994980
56004632
56024905
56117301
56215285
56285727
56372963
56537744
56577941
56626284
56833094
56843722
56882157
56896486
56939107
56986630
57086904
57102426
57116428
57273439
57288348
57313516
57352132
57377341
57403730
57600633
57615477
57663858
57687466
57734654
57737460
57747753
57769161
57853692
57869520
57871344
57887677
57940948
57948428
58023495
58130212
58195572
58222050
58251138
58354920
58358911
58387402
58428371
58498557
58575791
58592476
58603901
58610971
58643705
58705728
58848428
58893632
58915584
58929508
58931941
58981886
59032169
59047975
59059508
59149053
59211210
59258622
59303518
59373721
59419808
59476776
59658524
59701171
59810162
60058526
60071428
60078096
60081816
60111489
60202489
60216801
60297060
60364224
60388275
60400018
60424909
60603253
60643586
60694018
60734065
60760015
60803005
60848715
60945514
61004904
61038053
61047196
61068168
61104380
61118030
61128664
61140053
61211935
61283277
61318446
61585694
61616869
61744401
61871927
61885511
61932562
61991989
62044196
62063958
62112031
62219410
62279333
62309316
62320068
62347763
62399373
62406122
62428248
62438786
62465992
62509291
62513560
62648690
62651699
62764813
62786543
62893793
63074309
63140524
63155937
63170928
63172790
63229103
63241621
63283144
63374030
63403727
63465502
63499987
63505079
63540230
63547308
63571587
63600437
63783710
63792244
63843259
63895779
63945951
63978653
64047006
64073218
64079390
64097941
64127930
64225198
64238931
64266966
64294070
64308309
64329014
64393971
64416882
64447866
64449960
64485915
64589224
64718682
64745687
64982489
65029264
65118709
65151643
65170811
65190392
65203675
65210254
65237847
65284609
65336030
65419049
65483988
65495013
65516374
65525783
65529253
65555515
65603398
65651155
65698628
65742298
65751418
65756719
65792141
65796579
65826101
65922049
65931311
65974453
66007966
66015331
66050354
66084111
66231560
66247002
66258695
66284843
66294193
66370249
66373761
66660411
66682027
66729128
66779986
66781923
66859646
66863337
66915392
66947826
67038330
67043769
67046067
67048215
67082268
67106103
67129336
67160890
67256549
67416197
67492912
67534603
67712598
67754784
67765081
67769128
67771621
67778626
67806075
67822891
67875165
67882168
67953708
68005661
68047414
68054576
68068374
68098060
68104580
68132625
68188794
68252906
68304661
68335795
68436249
68508445
68572786
68650832
68730373
68756292
68765808
68810484
68950624
69080510
69092680
69211002
69214335
69413212
69424265
69473143
69513630
69528952
69539833
69593409
69605499
69616485
69649539
69666379
69713737
69800791
69918482
69935967
69969491
69985994
70006830
70053594
70168870
70174989
70187315
70216956
70309800
70340754
70403268
70415147
70464562
70471651
70548065
70560143
70587507
70602913
70612303
70622728
70728671
70741792
70764167
70766126
70823203
70847712
70884408
70973625
70988096
71067900
71079980
71107351
71134057
71135175
71176074
71246995
71278214
71382546
71449605
71463266
71483043
71498658
71523489
71537674
71552450
71557558
71619866
71653902
71688513
71819000
71825441
71840625
71908275
71913603
71978010
72002046
72099634
72127407
72132431
72137584
72145328
72164968
72169225
72257749
72336324
72357589
72399015
72428261
72437184
72475308
72545573
72580723
72590529
72641240
72675017
72724702
72742316
72747069
72795268
72896235
72934776
72958704
72973941
72988311
72997092
73087580
73138833
73150725
73194033
73245872
73308901
73320620
73343915
73351511
73428101
73431147
73493874
73506680
73521339
73549360
73569947
73586154
73628858
73702424
73715142
73722829
73757164
73758830
73929217
73966790
74040230
74119614
74134094
74135789
74190414
74217255
74225230
74256979
74287675
74374025
74402815
74405496
74411019
74431616
74437214
74449832
74462791
74483241
74498116
74628243
74634005
74662459
74712025
74777327
74796713
74894672
74936058
74941131
74954099
74961410
75023465
75059756
75242090
75315739
75338655
75365827
75403454
75415506
75506446
75534162
75574441
75687711
75693928
75707658
75739533
75742269
75750828
75777379
75834326
75850386
75857721
75873093
75887264
75990606
75995652
76055513
76065054
76150889
76152531
76180748
76230605
76239560
76243844
76337188
76340663
76349525
76420548
76462157
76520142
76584029
76601246
76649575
76703675
76760880
76767520
76782114
76788277
76873652
76881582
76884466
76900684
76967407
76976286
76995930
77016360
77028153
77088722
77190468
77197496
77213775
77284781
77295601
77327082
77334920
77409128
77486197
77511276
77516080
77518928
77531344
77576823
77623794
77638912
77676189
77677316
77696412
77757151
77760016
77762329
77789190
77828205
77860956
77892293
78167300
78206347
78227487
78267665
78313213
78334167
78383611
78402766
78408588
78412383
78475334
78514100
78546981
78574074
78616807
78696773
78754580
78767318
78785571
78869195
78900280
78969275
79026837
79077291
79078261
79171920
79199329
79212161
79236927
79303527
79350362
79391200
79456857
79539091
79574360
79577615
79629216
79663477
79677210
79684929
79723906
79909016
80031452
80075976
80086313
80100830
80102585
80160456
80166946
80223606
80249149
80388303
80412345
80428782
80431639
80435269
80508157
80514366
80520101
80533878
80582447
80671862
80687675
80746940
80876265
80958859
81021873
81105921
81153789
81197664
81233931
81282943
81328078
81453240
81459680
81478490
81631694
81664766
81673728
81730473
81775825
81789620
81801012
81823318
81831227
81897632
82011070
82041946
82095560
82103788
82174296
82177661
82207712
82230551
82281613
82288555
82316116
82394750
82402514
82428420
82542452
82554171
82558597
82576736
82693593
82807920
82928968
82932997
82978897
83011413
83089618
83122762
83170153
83194650
83226950
83236104
83240557
83257078
83275209
83304713
83368688
83412111
83432706
83441570
83471940
83600002
83619726
83640716
83700322
83709022
83717100
83781369
83830085
83849208
83952222
83961977
84004713
84019543
84052709
84060288
84065830
84121492
84167459
84196257
84231309
84265417
84335610
84391408
84408373
84424057
84467925
84514077
84524685
84556806
84668835
84683710
84769367
84827557
84845671
84906018
84908200
84911853
84940851
85031893
85042633
85065769
85110909
85171475
85220374
85230053
85329744
85361593
85398288
85404018
85411795
85471924
85480636
85508575
85514919
85592746
85644974
85663378
85693735
85698770
85735925
85746453
85768739
85807040
85841862
85847654
85871405
85878443
85891787
85929306
85941614
85994915
85998214
86039683
86060071
86062538
86144077
86192569
86206708
86207984
86233307
86249782
86281323
86295238
86422342
86438259
86534429
86595964
86613143
86670784
86696942
86843650
86866976
86868487
86885819
86889318
86890468
86907844
86920137
86925159
86926692
86950653
86981573
86992808
87026195
87029390
87053222
87055500
87125082
87126613
87221447
87274018
87281916
87317727
87321292
87357056
87365208
87390803
87394549
87425983
87428978
87445038
87465402
87526385
87529709
87547920
87597071
87640756
87646514
87675899
87721189
87866737
87904619
87922273
87984148
88004348
88029771
88032667
88081820
88104971
88117039
88146995
88225230
88327509
88350761
88441930
88475786
88518267
88522015
88528273
88529634
88549135
88566715
88638323
88642054
88683421
88748892
88884068
89013540
89046537
89090938
89118842
89194691
89212217
89219091
89237123
89255628
89324443
89482045
89538253
89575526
89626999
89632982
89634433
89644982
89683865
89687389
89750516
89765440
89773494
89850818
89939868
90020993
90039767
90041212
90094822
90150908
90168809
90191983
90206673
90211396
90213405
90251349
90252609
90255883
90262419
90316434
90324243
90346393
90362572
90367617
90427202
90457452
90490775
90491608
90520332
90527870
90532436
90578570
90614014
90798583
90808461
90813257
90815704
90923378
91024231
91031138
91087361
91094024
91112356
91122717
91194167
91204492
91232035
91258556
91376666
91422108
91509495
91533991
91560084
91563373
91605237
91663730
91677450
91693138
91697177
91721777
91733124
91800283
91823076
91826573
91827725
91839652
91852856
91859152
91875151
91907383
91916693
91937287
91989885
92050828
92065562
92066997
92072240
92116935
92122014
92133804
92157012
92183596
92187080
92219264
92224468
92276539
92312241
92317552
92321328
92420944
92470986
92534681
92540936
92553475
92581421
92610025
92686168
92712187
92715141
92751536
92771209
92810318
92920312
92933892
92971829
92983750
93056230
93071024
93104914
93110012
93147755
93150585
93155870
93188618
93207775
93241188
93269542
93280406
93307201
93311380
93315631
93319478
93323823
93350008
93351926
93382746
93429890
93434422
93449436
93488686
93494411
93594192
93690231
93707952
93711288
93712313
93726252
93816501
93908546
93910944
93913055
93918579
93954585
93957700
94015023
94058905
94145777
94198538
94203428
94255546
94323459
94379678
94438190
94464141
94481306
94490351
94520952
94535452
94671306
94748724
94761380
94769179
94800282
94806374
94828102
94935914
94979997
94992820
95026940
95045026
95050987
95085308
95212713
95216140
95309083
95385192
95438452
95462083
95473226
95527911
95545177
95594240
95667332
95671463
95674471
95700910
95709427
95740604
95775192
95787172
95792528
95863051
95865984
95876722
95952592
96002027
96005258
96040847
96112048
96183106
96202130
96208414
96227169
96228464
96413306
96503806
96527861
96637373
96697625
96717608
96720304
96745214
96854515
96965395
96974540
96979386
96992903
97005601
97032758
97168318
97195177
97272322
97327831
97378120
97426595
97485175
97519853
97522784
97547442
97552257
97619990
97637205
97647123
97704245
97788503
97876803
97897960
97911315
97948308
97966115
97979791
97981742
98046594
98051631
98074785
98084872
98144494
98184460
98194886
98219182
98228799
98281630
98331323
98346898
98376336
98379216
98411752
98472558
98508749
98537533
98605970
98625824
98632520
98682337
98689837
98695470
98748438
98784868
98785695
98904931
98926907
98954904
99044977
99067439
99084445
99189166
99193649
99194890
99204823
99224437
99225208
99241719
99274641
99279656
99298330
99340379
99377387
99412346
99414591
99469152
99510757
99514213
99586647
99587684
99598445
99644590
99662716
99666801
99682100
99691940
99704356
99710070
99710803
99713642
99757834
99779296
99899220
99970031
99971524
100102190
100185784
100197141
100236580
100239105
100293949
100301714
100402288
100403935
100412684
100419502
100430569
100443586
100474680
100522300
100531406
100538530
100553869
100576022
100624255
100640506
100718119
100761379
100824886
100855090
100866738
100889817
100926529
100958153
100963300
101002482
101031520
101092704
101136779
101154579
101202130
101231846
101234643
101250276
101291877
101292796
101296028
101308358
101355581
101487340
101514148
101601321
101618157
101678127
101686572
101727314
101732761
101733805
101742119
101760403
101795992
101842512
101847409
101859718
101873987
101900799
101920020
102010206
102014166
102059079
102066047
102074196
102120107
102291059
102299563
102327390
102374320
102509923
102559066
102587154
102596474
102668380
102679047
102719313
102722697
102729151
102755507
102784844
102833783
102834339
102985360
102989838
103011529
103021976
103072353
103079795
103134702
103162113
103196774
103202622
103272980
103312347
103330929
103345877
103384275
103387442
103400490
103472285
103473152
103550242
103574350
103654979
103656312
103746490
103751013
103853721
103887233
103915215
103940817
103956319
103971098
103979359
103983340
104086842
104088478
104096007
104103423
104108040
104166455
104225120
104232354
104237587
104255470
104257431
104269411
104299817
104308982
104324348
104331766
104430621
104432244
104462793
104466503
104500316
104533908
104538740
104565826
104630695
104634607
104655517
104705067
104728079
104774742
104791956
104809855
104874124
104988590
105052453
105054214
105076367
105093958
105100700
105107508
105126686
105157162
105172707
105188394
105199848
105266284
105313266
105333433
105347901
105359659
105367136
105509427
105533006
105538259
105555087
105610483
105627627
105709025
105715434
105720228
105743448
105757446
105769331
105800749
105856595
105899348
105922157
105986467
105990512
106036037
106048739
106092437
106120383
106128882
106140236
106204998
106206480
106210211
106368979
106374452
106390835
106416984
106446454
106507927
106527675
106530089
106548277
106629118
106635113
106637816
106669224
106785537
106793803
106816013
106843217
106869234
106883540
106905699
106907725
106913161
106957202
106984682
107002515
107025512
107062406
107103851
107206063
107245994
107265747
107331219
107400061
107429117
107460586
107461165
107463018
107463918
107492040
107518981
107537279
107573483
107578468
107579792
107610704
107683597
107709964
107715730
107732138
107742495
107770818
107855948
107888230
107921751
107929676
107971528
107990034
107998603
108025238
108037994
108062427
108074069
108249089
108281807
108294475
108316080
108325643
108346945
108354149
108373504
108376540
108380294
108383799
108396277
108444491
108466140
108498211
108599165
108638585
108641920
108674880
108746336
108760607
108796771
108807678
108818383
108835523
108858135
108972635
109071540
109104428
109137101
109144353
109157027
109186079
109191187
109236426
109249259
109281245
109353048
109365978
109473829
109497802
109516019
109574577
109576320
109617288
109622995
109640969
109642597
109645719
109680175
109735987
109745133
109751918
109771992
109824305
109903966
110028587
110083937
110106698
110109169
110129424
110153561
110156589
110187337
110207388
110219605
110264693
110317977
110345339
110379698
110441162
110456547
110459603
110544356
110562555
110568174
110578625
110585894
110622014
110658197
110677552
110684077
110718251
110756672
110779807
110810623
110812216
110891160
110929573
111008458
111020727
111029276
111039511
111049801
111084692
111103938
111128778
111181493
111205701
111207575
111216387
111219991
111273506
111323722
111379566
111400893
111422746
111425567
111452422
111475155
111501930
111512515
111589900
111599447
111628228
111646783
111650931
111670986
111689774
111711115
111714904
111744328
111781143
111787953
111792005
111796048
111876743
111921498
111931083
112026402
112044291
112129063
112170602
112174028
112198892
112201942
112203507
112256408
112274741
112310410
112318735
112461575
112506618
112566256
112574404
112581792
112625531
112631752
112645188
112649579
112652472
112667324
112674361
112688374
112706270
112716654
112724879
112763272
112773548
112818673
112820178
112900175
112909938
112917754
112958501
112983005
113013372
113042798
113049619
113052871
113057522
113089295
113090570
113094889
113146232
113164586
113203533
113239494
113274878
113295767
113300849
113391120
113454784
113456751
113482000
113486037
113568362
113619793
113695434
113704630
113739405
113750668
113756921
113833520
113870566
113892972
113933735
113990264
114021532
114058380
114063295
114102813
114109041
114153335
114193349
114214548
114232145
114310231
114326378
114346176
114420877
114453745
114468353
114477033
114501705
114529804
114571339
114597464
114650014
114674601
114703246
114721420
114769088
114769463
114785977
114796820
114829526
114850655
114982014
115034222
115041836
115052010
115134138
115147009
115187663
115192962
115223745
115230475
115252179
115274491
115295129
115296133
115330024
115333688
115336064
115339125
115343291
115350359
115365066
115393821
115400768
115438294
115481730
115500471
115541863
115562070
115574968
115638687
115736967
115764756
115777043
115782787
115808571
115839915
115868478
115880685
115899768
115906732
115915558
115980017
115981321
116005976
116025075
116037948
116048472
116060957
116061950
116073527
116102220
116155179
116192334
116198739
116211412
116308971
116345888
116349801
116373548
116377663
116392243
116418539
116424414
116481071
116501108
116537646
116542827
116588463
116592482
116594556
116610597
116631913
116693587
116698990
116700144
116761907
116766523
116778429
116783036
116801398
116849010
116890912
116895593
116909863
116959137
117018015
117022535
117027860
117035412
117070070
117165307
117226040
117299179
117307603
117324966
117381132
117401479
117422374
117429413
117543502
117549085
117554631
117600397
117602804
117618030
117637627
117669851
117760787
117770318
117785883
117793578
117908980
117916653
117927225
117973325
118023493
118028140
118072508
118073277
118110851
118211749
118213056
118222969
118227708
118248260
118250581
118333846
118342445
118356702
118388134
118402883
118444447
118453250
118460822
118478411
118519080
118547436
118572591
118632998
118643811
118651592
118652632
118680283
118709430
118775572
118790631
118805742
118817563
118858465
118889856
118946979
118954022
118969953
118970814
118979709
119107257
119113274
119117198
119127897
119193497
119238699
119261903
119290533
119292400
119297826
119369957
119392824
119405861
119407308
119525242
119564465
119579247
119589641
119640345
119646942
119686579
119687875
119786604
119799084
119816494
119851692
119853626
119859694
119879515
119895331
119897975
119917153
119921591
119938994
119942971
120006327
120090605
120113025
120218524
120236102
120255228
120267255
120305660
120313668
120355896
120392707
120409318
120418869
120445241
120454433
120465360
120493809
120509096
120529668
120536451
120569982
120575219
120602348
120620836
120628886
120686295
120735770
120772298
120788435
120789499
120837553
120942846
120981641
120991514
120998145
121073522
121112401
121113154
121191679
121192765
121215123
121257207
121270904
121302615
121321223
121326050
121332830
121371371
121441188
121464528
121481372
121551218
121647869
121673004
121787071
121808663
121834059
121891066
121925435
121930188
121988320
121993763
122013485
122048413
122103025
122116187
122152620
122175759
122243123
122257682
122271989
122326303
122334621
122347544
122374488
122382496
122409662
122452264
122454815
122471786
122528656
122544869
122560820
122565978
122584074
122586331
122620415
122645256
122668641
122709783
122720367
122767711
122780672
122783674
122804311
122807267
122827915
122854373
122856671
122893247
122919735
122931235
123034302
123050219
123063408
123073473
123079125
123086647
123102083
123165521
123167062
123183272
123191724
123209513
123258037
123267609
123315563
123385521
123419620
123444708
123460588
123474450
123505287
123507288
123512422
123537748
123544761
123615737
123646012
123648500
123685776
123718400
123747229
123766387
123825038
123831348
123839166
123846483
123875228
123893805
123897952
123901297
123929958
123939174
123955574
123983239
123990187
124004004
124014246
124018999
124062183
124065987
124096671
124110667
124123248
124126669
124259072
124272500
124296891
124306191
124342687
124343155
124366749
124374601
124440483
124449884
124481299
124497489
124499194
124509842
124583944
124587791
124590773
124610484
124628847
124657271
124675677
124697679
124728410
124759597
124793242
124806539
124927975
124930514
125003613
125061879
125080680
125095653
125106220
125136903
125139721
125154319
125167633
125203686
125205346
125213304
125219502
125238207
125277694
125305662
125319301
125322358
125385889
125407768
125412770
125448960
125454422
125460925
125463317
125486273
125512829
125576259
125601886
125627792
125641191
125648785
125656415
125706709
125724320
125763549
125783513
125817524
125835353
125894679
125899078
125903111
125918472
125974056
126041214
126066751
126090401
126137103
126139502
126160545
126196745
126222762
126229747
126237547
126255053
126316180
126337933
126381472
126385482
126392982
126419426
126423303
126453253
126468595
126495483
126529935
126532815
126573703
126610040
126654841
126670346
126708374
126711432
126751236
126755550
126804511
126821125
126843620
126848631
126878910
126891254
126893781
126910247
126924318
126951519
126975725
126985708
126988297
127018071
127023632
127104002
127110372
127122676
127157352
127216890
127259523
127277124
127295477
127322881
127331561
127344303
127345775
127375989
127387564
127471338
127483964
127502637
127537691
127558823
127614352
127663932
127720736
127734067
127782961
127838984
127844497
127853687
127867011
127877176
127899537
127900160
127954284
128029850
128040113
128067417
128075187
128080366
128133017
128136883
128169836
128226700
128269943
128309308
128315422
128352967
128357882
128415173
128436121
128463631
128511231
128536334
128556852
128559835
128583266
128639853
128657620
128671213
128680786
128722876
128772749
128774485
128830286
128832998
128841614
128859349
128883004
128914162
128921087
128922346
128924719
128927734
128939051
128958476
128992554
129010724
129019481
129036884
129039982
129061508
129072789
129135201
129171133
129206583
129263477
129270751
129282051
129340460
129434437
129467462
129493581
129508240
129511675
129522478
129523493
129528898
129540939
129554236
129613971
129635967
129636828
129666011
129698832
129701722
129708051
129764544
129768282
129774829
129785062
129808068
129835390
129864261
129868895
129869341
129935926
129982673
129984356
129997160
130049198
130057191
130061040
130088586
130096760
130103242
130173058
130206696
130249422
130273039
130275814
130291234
130309216
130310358
130320898
130339529
130349446
130365512
130396240
130446681
130466258
130485187
130507746
130538529
130555044
130583895
130586948
130589284
130636460
130722104
130759491
130811130
130818174
130876184
130914844
130937247
130951748
130958678
130967385
130969399
130970374
130992637
131010706
131064874
131076308
131080498
131107872
131125008
131155202
131195363
131216295
131239576
131244347
131277474
131282224
131307103
131339266
131355934
131363647
131389437
131409778
131416445
131425961
131459362
131477807
131507712
131510205
131513052
131567035
131577252
131583262
131606813
131618644
131636901
131656220
131666669
131700582
131717995
131724242
131778037
131807994
131808912
131858379
131861074
131880223
131885392
131896857
131897977
131900979
131906263
131915398
131930985
131946639
132118579
132126667
132146066
132182355
132188318
132214669
132247038
132357235
132376793
132407409
132408805
132429009
132430790
132441929
132450555
132489222
132495348
132497312
132551708
132561090
132580852
132589863
132670889
132699855
132701974
132755967
132772955
132834934
132839908
132897781
132910544
132917263
132922754
132926852
132951900
132999324
133075452
133163084
133165792
133185711
133210936
133230672
133232864
133254407
133294585
133296902
133337522
133357481
133472256
133501159
133526188
133573102
133602187
133607702
133610082
133621348
133643897
133646091
133702972
133711868
133751468
133789925
133794719
133818606
133827605
133833451
133849336
133852131
133861477
133863416
133893841
133905966
133948144
134033624
134067077
134114727
134139932
134163913
134190112
134207615
134210019
134224144
134258826
134297687
134304472
134318610
134319901
134332939
134345645
134360416
134372552
134375115
134431140
134444366
134449111
134457950
134488397
134561031
134581533
134600644
134612190
134627564
134655203
134737735
134754519
134800278
134801208
134813068
134825619
134838970
134840138
134856648
134880913
134908561
134921583
134942391
134945082
134948912
134952525
134960256
134984000
135043700
135046441
135058012
135084076
135090712
135105456
135187038
135194480
135205928
135241874
135250978
135285980
135318026
135350585
135374386
135384422
135397167
135397786
135400683
135405314
135415932
135419820
135421719
135477545
135483138
135494550
135504684
135514038
135514954
135532209
135542133
135558924
135613868
135623224
135629130
135640000
135668477
135670703
135696140
135709923
135723282
135745782
135810635
135822846
135826858
135855868
135902448
135928130
135963983
135988052
135999711
136014876
136019770
136037239
136051478
136069757
136104665
136118158
136133753
136135642
136154101
136214505
136234906
136251311
136285113
136318797
136322754
136329914
136330420
136359169
136380630
136389776
136418961
136433034
136451649
136475791
136503930
136514326
136531367
136544620
136563032
136566828
136572053
136580196
136582661
136586422
136626287
136633976
136644343
136681983
136688699
136723354
136802360
136821030
136850690
136888731
136900331
136909931
136937508
136969979
136988123
136998980
137009109
137045608
137074330
137084490
137090731
137097505
137138990
137177796
137178719
137181564
137190044
137194829
137230945
137242370
137255417
137257634
137259577
137290826
137294159
137312548
137404752
137418724
137445426
137456253
137463625
137472879
137519029
137543936
137565652
137579143
137648909
137674575
137689227
137702421
137715741
137733720
137755515
137791401
137796030
137815153
137855374
137860204
137922737
137926450
137988258
138020318
138060806
138083419
138090589
138092938
138101877
138102261
138118724
138132304
138136567
138171489
138253298
138275590
138295978
138298295
138321182
138328057
138330952
138354395
138364051
138372153
138427390
138453685
138464590
138465567
138506270
138507580
138554345
138580818
138585980
138597496
138618790
138633028
138639557
138655325
138657006
138669932
138683086
138688621
138714292
138743658
138774197
138779548
138818166
138853208
138856401
138866410
138906968
138955354
138993439
139001313
139039268
139060181
139088780
139133996
139147087
139148890
139171016
139278817
139280629
139283017
139312676
139323069
139328204
139329793
139362701
139373656
139447986
139461088
139467981
139486534
139524532
139555567
139623700
139653954
139685876
139706169
139725230
139738403
139834108
139893875
139902807
139954185
139958770
139960547
139962311
139976227
139980414
140007822
140009120
140025199
140031625
140065246
140131116
140197608
140226182
140260380
140320143
140349536
140354467
140363477
140375669
140401706
140404935
140412168
140443426
140445768
140454341
140482571
140486607
140531930
140602841
140607167
140615362
140621196
140626776
140672936
140681215
140695423
140705973
140716743
140748493
140779108
140791466
140804066
140840657
140854193
140880755
140885867
140895168
140910470
140912916
140944398
140984351
140992696
141007974
141018441
141028862
141053867
141084542
141100085
141155084
141184243
141265939
141274095
141275002
141314600
141332840
141373201
141382576
141395962
141402159
141412168
141485149
141536000
141551210
141585466
141586964
141589009
141597389
141620624
141689913
141710460
141719435
141746938
141772311
141775573
141779198
141780539
141783716
141788991
141821403
141855037
141894431
141911087
141914598
141928320
141949146
141965057
141982552
142017053
142024782
142035403
142076897
142091424
142158556
142158990
142215550
142229244
142256989
142267383
142363983
142415641
142481678
142556810
142559636
142564601
142584501
142588478
142597723
142603122
142630846
142633071
142696452
142711262
142717038
142744617
142760027
142799483
142806450
142874014
142887045
142903781
142904438
142919682
142941515
143061664
143063218
143112203
143114850
143115409
143121916
143134089
143181413
143188135
143190201
143209155
143247865
143253056
143261305
143270636
143297264
143303333
143312325
143334581
143381794
143390712
143402673
143426447
143454711
143488121
143534933
143570795
143576639
143600738
143651910
143683520
143710669
143716381
143743244
143761399
143802345
143826648
143865715
143892718
143929890
143970866
144008319
144023032
144042539
144045839
144085507
144102416
144116282
144150638
144168515
144211901
144216852
144249602
144348454
144357423
144371322
144373520
144421225
144452433
144454134
144457012
144472693
144529343
144547861
144552047
144591591
144691347
144702801
144716116
144718241
144741262
144753629
144768859
144775762
144799140
144802379
144812397
144822826
144828194
144832479
144844123
144887225
144888364
144896823
144921052
144933653
144955283
144979450
144986814
144987470
144989443
145022667
145048085
145050049
145052622
145064362
145071721
145132614
145182800
145190814
145227027
145238003
145244395
145251465
145266716
145288674
145309543
145325088
145341334
145345042
145349129
145371793
145382836
145445513
145462816
145478006
145499501
145541219
145549821
145612930
145630775
145645651
145696343
145727697
145733591
145741118
145747119
145750762
145757173
145765280
145771350
145777763
145816364
145833885
145839948
145900292
145902551
145926810
145940289
145963667
145967696
146021047
146024666
146037636
146043143
146054672
146062580
146063331
146075205
146090538
146124812
146154804
146167541
146178266
146205775
146221888
146224363
146250303
146256752
146281544
146283820
146292132
146298698
146303771
146307698
146310967
146329111
146377794
146386314
146436386
146444488
146454803
146485350
146541559
146542878
146544331
146598632
146621208
146624028
146630866
146655458
146661582
146731150
146745367
146793779
146869134
146882504
146904652
146923644
146935056
146968084
146973002
146980341
147051879
147064762
147073358
147110253
147131086
147138269
147139806
147151357
147174679
147210220
147248625
147290032
147298150
147299815
147304047
147311331
147323616
147328094
147346913
147382096
147419098
147422507
147429999
147484995
147490864
147517705
147540974
147542040
147554724
147599275
147602972
147610816
147613979
147674402
147706049
147747750
147749845
147758769
147762349
147789813
147809835
147878504
147879535
147880851
147943704
148012327
148017557
148048575
148065028
148082678
148122557
148128429
148135569
148153674
148177729
148206393
148224705
148270128
148279680
148285402
148372524
148484174
148489855
148491975
148495329
148498370
148499891
148514827
148517618
148542144
148601267
148602404
148615914
148634253
148684936
148686278
148741839
148758424
148766318
148781552
148788381
148793403
148821448
148845290
148852647
148874196
148880980
148908305
148972082
149018013
149047333
149074046
149088176
149099361
149131412
149167950
149173492
149188387
149210842
149214025
149215411
149220087
149252838
149326112
149363523
149367670
149404719
149423629
149477630
149516945
149567468
149570195
149615539
149633697
149670057
149675069
149676793
149688872
149724836
149725631
149742051
149777707
149785325
149791574
149804106
149814081
149828508
149916159
149921936
149930189
149949430
149966568
149981924
150010241
150016435
150040024
150070698
150102121
150103968
150124684
150126117
150147612
150157035
150188349
150193643
150230334
150236318
150254618
150270646
150281148
150288787
150296539
150315827
150330759
150357077
150373402
150396864
150416895
150425734
150443098
150444629
150510534
150523413
150559590
150561694
150571242
150589167
150600236
150602560
150617257
150658897
150678981
150702681
150714668
150722985
150755812
150776517
150779591
150781735
150784266
150812165
150813596
150820961
150833531
150839186
150867735
150874520
150880784
150896483
150918571
150935912
150969608
151019599
151052955
151057434
151070260
151072971
151117715
151121063
151140846
151143197
151217574
151230803
151262053
151291644
151306202
151328121
151356974
151367630
151376289
151402749
151405119
151412236
151505577
151518280
151532937
151536695
151544831
151615537
151625990
151628915
151640217
151643950
151647813
151650409
151658554
151750150
151754931
151783044
151789287
151794689
151798802
151821787
151879944
151881729
151886041
151889376
151920177
151971315
151973596
151981973
151982250
152016499
152031286
152039659
152078184
152098879
152101908
152129255
152143324
152209389
152226908
152244464
152335012
152342334
152355928
152376291
152411429
152429360
152432697
152480343
152501903
152555969
152561572
152604040
152622962
152630853
152672102
152682301
152722419
152748441
152750268
152775010
152792255
152848189
152850008
152862357
152869993
152875239
152903318
152922857
152933287
152948790
153004024
153013727
153073177
153111983
153162373
153184749
153189972
153281862
153378712
153381278
153421160
153450167
153453207
153498682
153561238
153575912
153596043
153602476
153612309
153623322
153636649
153641419
153653450
153660918
153672204
153674414
153697313
153714867
153725174
153752509
153765001
153770530
153800357
153804125
153813574
153830979
153853021
153854757
153860266
153905345
153925538
153926762
153950547
153960237
153966356
153975888
154019041
154021417
154026982
154034801
154046047
154072863
154074503
154146313
154151765
154168304
154255118
154298377
154306835
154320608
154322747
154341815
154348713
154361199
154367939
154386925
154401270
154403354
154409572
154421567
154423386
154454079
154456752
154498495
154500867
154534162
154547015
154589560
154599020
154600973
154609721
154656962
154672098
154680662
154713281
154759744
154772894
154791023
154795822
154796554
154852681
154858202
154866582
154873840
154886172
154890256
154922710
154947633
154963718
155006004
155014551
155030049
155038608
155068995
155135515
155184760
155221492
155254321
155265425
155281089
155309333
155310421
155312625
155321122
155342017
155379279
155416742
155429860
155432756
155442495
155503147
155514542
155525332
155530144
155546346
155581482
155592548
155599795
155616587
155648235
155660789
155689700
155709791
155718814
155722733
155725278
155741139
155742868
155749026
155771193
155775559
155790349
155809387
155833890
155836919
155850227
155863190
155867462
155880309
155897011
155899875
155937566
155949490
155959417
155964516
156007033
156038338
156049158
156106152
156119125
156137869
156143059
156157506
156219974
156258340
156259917
156285684
156300888
156332073
156352900
156388385
156398147
156457738
156475157
156496742
156534409
156598847
156629935
156659873
156704746
156711323
156724435
156740548
156812879
156815988
156851892
156913045
156920179
156932152
156959654
156964780
156973308
156990799
156997063
157005455
157047196
157056586
157085685
157092727
157148920
157189100
157208154
157218819
157231817
157248676
157298086
157307631
157327426
157345044
157352916
157380579
157382044
157398063
157433557
157438835
157502166
157509425
157529095
157589602
157601877
157628886
157691959
157706557
157718977
157754370
157788571
157794027
157870017
157897967
157911140
157912726
157918870
157931655
157945598
157950258
157973337
158031299
158036878
158047629
158093595
158101276
158123840
158135858
158141343
158148551
158149621
158161487
158173615
158177325
158193685
158212959
158217517
158224740
158271331
158314579
158329735
158331184
158378215
158417120
158433836
158447750
158455899
158460029
158488974
158497251
158503437
158512312
158533911
158535275
158546227
158552257
158580813
158610071
158617414
158631161
158646907
158653152
158654177
158672473
158680187
158686876
158704940
158706944
158727218
158798560
158801620
158803291
158821124
158874875
158876093
158938796
158942253
158956086
158960233
158971274
159068148
159069845
159097051
159141779
159153968
159197572
159217782
159258782
159262163
159282604
159295966
159308069
159314817
159322327
159337537
159341508
159376915
159388540
159395608
159407070
159423724
159437700
159466940
159555946
159562104
159563935
159593258
159620366
159647488
159650827
159656874
159676220
159678042
159683402
159693966
159722604
159775729
159787773
159834311
159840455
159852980
159870305
159920609
159950156
159961042
159976136
159978968
159982986
159994081
160012299
160069750
160072839
160123001
160124714
160167327
160237796
160247965
160259128
160315222
160317240
160376232
160377725
160415897
160452710
160453976
160456583
160471540
160540186
160557402
160576389
160577679
160581089
160586053
160609727
160611478
160629745
160658528
160671392
160677268
160695549
160714718
160734503
160736938
160746484
160764087
160830340
160857454
160908524
160921894
160948256
160949030
160954032
160968715
160974584
160977463
160982016
160996072
161016466
161080512
161110889
161116586
161117021
161187705
161188627
161208040
161224705
161235098
161241746
161271168
161278009
161280849
161326220
161329257
161346239
161369636
161373465
161393378
161423886
161427824
161449282
161466826
161471322
161472747
161479860
161494799
161556124
161556812
161561664
161562456
161600380
161621482
161636800
161654490
161673999
161676262
161679383
161691582
161699150
161703855
161720814
161742512
161808878
161827141
161831654
161844146
161846032
161859836
161901657
161916752
161923041
161928891
161981312
161998826
162020072
162029562
162045515
162047077
162052724
162066707
162084888
162110885
162111417
162158307
162161958
162167696
162173191
162195173
162200208
162206525
162213159
162255127
162264340
162265887
162271944
162294240
162311935
162323370
162364517
162381376
162386166
162393216
162402817
162405087
162441865
162474013
162475935
162495906
162509096
162523768
162527332
162569550
162575472
162619512
162630500
162655110
162690159
162698204
162713168
162744065
162752652
162754268
162799190
162801984
162825224
162831979
162836623
162837685
162854511
162876021
162898214
162901447
162914099
162940049
162943936
162954831
162964424
162965759
162979410
163022615
163039491
163046754
163069982
163111183
163117105
163121455
163128511
163196843
163209511
163213802
163224869
163232432
163242387
163256512
163319504
163346066
163372480
163420284
163463264
163490481
163500463
163509049
163524281
163557984
163586639
163587583
163590163
163684829
163729693
163739137
163757918
163780893
163782304
163791793
163792465
163799226
163804827
163814654
163820572
163861388
163864891
163867685
163890735
163920606
163931774
163934415
163973415
163993547
164001386
164007357
164008394
164020773
164045045
164090270
164104890
164127717
164143144
164144355
164145316
164148768
164164330
164169569
164199979
164237663
164246633
164264810
164313733
164354816
164385560
164398605
164407939
164453257
164482119
164522172
164542365
164561007
164570356
164605044
164617290
164746381
164787257
164813244
164815954
164816663
164898497
164989208
165171877
165192455
165214695
165230019
165269936
165294772
165298407
165309357
165321148
165350039
165365500
165402436
165415077
165425947
165450734
165462205
165476946
165478693
165503731
165522000
165590100
165600132
165656204
165661961
165704884
165707201
165714990
165718734
165731670
165740054
165745957
165769977
165774393
165821734
165830960
165843742
165846542
165866558
165917012
165961119
165965693
165973662
165996601
166057077
166087407
166088999
166089574
166099449
166120611
166155619
166162458
166183148
166185607
166189673
166210039
166211578
166219650
166222508
166237650
166242567
166255820
166257288
166258412
166264164
166289137
166297660
166331222
166348180
166385843
166387036
166392022
166418036
166444066
166446878
166461927
166483793
166496654
166544605
166554567
166567831
166585004
166612703
166649271
166681769
166745767
166792822
166795625
166804851
166818967
166869291
166878502
166879948
166881092
166899287
166931086
166945826
166975780
166996759
167016977
167020434
167052433
167079106
167095664
167113064
167125505
167135252
167137683
167157647
167158207
167171562
167192750
167243422
167245220
167256837
167277743
167277922
167286257
167334251
167337677
167342266
167374311
167381915
167392215
167396916
167407458
167443370
167452042
167455898
167457003
167474284
167506715
167513804
167540647
167571803
167599311
167605017
167634907
167638135
167653144
167662918
167675911
167684926
167700970
167710851
167734679
167740696
167745210
167761453
167780670
167813236
167838146
167853182
167902992
167914912
167922918
167936761
167969986
167973862
168002907
168005714
168021744
168026326
168032800
168033617
168061071
168067070
168068513
168118562
168155339
168184248
168206611
168208995
168260522
168266463
168286770
168303122
168307024
168308187
168317153
168327473
168343607
168378599
168389173
168428748
168471087
168473949
168515342
168553103
168568486
168577909
168588422
168622634
168624072
168631213
168705256
168736753
168740827
168744404
168757163
168760128
168765246
168766462
168774589
168779052
168780726
168809594
168814991
168820330
168822851
168837524
168840771
168846999
168853727
168855851
168869661
168874239
168879632
168911523
168964158
169053758
169080118
169109374
169126062
169152995
169154217
169167296
169183397
169203296
169208067
169213293
169214141
169240302
169242305
169262419
169284020
169292406
169295988
169328897
169330180
169332725
169354138
169368072
169381916
169385466
169395102
169423657
169496986
169500012
169518025
169554438
169556762
169563518
169566214
169585110
169591941
169601002
169616899
169641199
169662642
169665358
169671646
169692927
169696963
169725969
169727248
169729946
169745773
169775300
169783060
169797335
169833109
169856658
169864534
169902203
169949167
169959601
169967539
169991524
170012870
170031114
170036232
170041978
170049779
170057808
170060043
170078684
170084628
170108713
170132464
170138012
170144263
170195890
170215011
170217511
170223796
170224844
170256190
170258346
170320577
170327926
170337336
170351602
170374563
170377368
170434757
170452215
170464057
170470590
170520021
170525133
170527025
170547611
170555810
170581491
170597206
170632325
170640732
170641620
170659575
170661745
170689958
170717429
170718121
170777945
170779717
170783427
170801598
170803841
170809834
170828725
170867743
170893344
170895127
170902482
170931113
170934703
170965462
170971981
170979645
170989460
171002192
171005814
171035571
171077575
171087735
171116731
171133838
171138372
171154396
171155789
171167296
171177163
171189860
171201995
171266021
171272402
171371559
171388467
171434669
171460819
171522861
171552753
171555398
171562398
171572286
171600697
171669011
171672866
171679070
171749561
171753949
171774081
171801044
171828097
171843854
171921845
171932033
171937368
171965038
171983135
171984429
172005613
172017974
172028200
172040810
172045145
172089416
172092508
172101970
172104729
172137775
172148305
172163230
172187642
172211689
172232053
172238815
172242749
172248509
172250240
172269884
172324310
172352030
172380301
172417156
172437955
172457656
172459592
172478940
172497802
172533248
172540024
172571506
172594600
172597732
172600490
172645705
172646359
172685534
172705267
172705975
172719649
172731696
172734377
172753355
172765841
172783389
172796205
172809448
172840823
172841803
172872076
172884668
172892052
172903432
172952230
172957381
172960999
172991440
173011969
173019478
173021535
173036838
173045505
173046904
173088412
173097581
173143609
173171706
173197769
173199104
173255463
173288896
173320952
173353296
173356857
173361410
173366308
173368204
173404901
173415181
173448449
173466980
173472566
173488422
173490269
173495223
173501181
173528657
173530448
173542794
173552752
173571832
173575697
173598093
173604312
173606774
173703696
173706829
173715509
173748749
173749539
173804850
173815233
173822636
173848336
173894810
173919723
173929334
173940436
173984633
173998507
174027899
174060346
174067695
174079365
174139481
174148922
174191226
174209124
174246246
174252592
174260129
174268883
174276112
174279073
174289770
174292460
174324405
174362688
174381294
174393391
174435812
174446125
174455391
174459217
174460724
174479523
174537206
174565727
174583077
174589584
174662009
174669206
174670624
174679835
174695993
174703060
174817601
174858437
174866030
174868224
174880084
174891662
174897855
174904567
174905900
174924323
174929439
174938071
174961070
175011313
175027590
175037923
175041445
175042913
175068008
175107777
175120382
175130076
175135330
175138459
175181856
175193629
175202755
175210465
175215770
175226767
175245710
175282254
175302226
175324305
175338539
175381692
175382743
175417435
175446951
175450432
175451992
175457453
175468876
175485776
175491814
175536142
175539366
175558120
175573986
175581691
175598731
175638503
175661212
175679010
175697404
175710913
175712421
175727096
175737821
175741533
175793130
175807461
175820202
175833405
175863465
175882676
175932772
175950981
175952833
175966588
175978464
175997216
176009539
176058026
176108884
176119146
176144984
176154614
176172364
176174339
176216202
176229541
176259244
176277496
176294546
176302862
176309202
176312020
176314730
176318390
176335339
176365410
176381059
176383902
176408379
176410257
176414759
176421787
176431895
176480690
176537012
176586954
176613739
176620319
176621804
176685283
176707373
176714512
176727086
176750376
176760532
176767235
176785738
176795638
176809632
176812346
176820097
176827709
176832148
176859417
176890249
176900994
176911182
176953424
176954829
