0
2096261
2968972
3925893
3997417
4038791
4517452
4522594
4935471
5456597
5882465
6032395
6043337
6289560
6319231
7058903
7668277
8524854
8534494
8571948
8830829
9245024
9383373
10189200
10302494
10342883
10362077
10678594
10996068
11093357
11157639
11373672
11434523
11618541
12107641
12290559
13071074
13172287
13645589
13780261
14276685
14424000
14714765
14838537
14861622
15231830
15317371
15497343
15624940
15874329
15917767
16068174
16357808
16392224
16527675
16576728
16608824
16883654
16930635
16943431
17002012
17005046
17286034
17397711
17418496
17716350
18157412
18160655
18226826
18258924
18391390
18420954
18499449
18664359
18827442
18944124
18974280
19241458
19293984
19522294
19823054
19882253
19998986
20054844
20211606
20274302
20394922
20396484
20477419
20494933
20732949
20738132
20747951
20852361
20871073
20896229
20915603
20953843
21002100
21048131
21547573
21634166
21804230
21945381
21951805
22028424
22030197
22360964
22457449
22492532
22614157
22647476
22720859
22778645
22848658
23229193
23230313
23237574
23667514
23948489
23955933
24049944
24141298
24296561
24306229
24314154
24423442
24599536
24625044
24741053
24887845
24889578
24983380
25011689
25195942
25287105
25399333
25432024
25655264
25702800
25775607
25813222
25925615
25947187
26065786
26073054
26149786
26185867
26207630
26226433
26379378
26484995
26493105
26644792
26679942
26853950
26933567
26998990
27037418
27369165
27405903
27415197
27496526
27750402
27924832
27930201
28039950
28097785
28169728
28210276
28381476
29001386
29246531
29276584
29450606
29471062
29484662
29564647
29617412
29951329
29985303
30132339
30194829
30262543
30292980
30301395
30348278
30445713
30657357
30698491
30802019
30837364
30848676
30890519
30956838
31020476
31021216
31166471
31307250
31426352
31475054
31637714
31728155
31740201
31846907
31849525
31904214
31989127
32074681
32206585
32233843
32260751
32286035
32320013
32570300
32600211
32606792
32677919
32996257
33158002
33374248
33384261
33410289
33620868
33657143
33702475
33789274
33799280
33877739
33879569
33924801
33926213
34035642
34079017
34158968
34259214
34424215
34437420
34465751
34659221
34913123
35095850
35169256
35364062
35368443
35396397
35410850
35451587
35490368
35512882
35609808
35610436
35815928
35831166
35892012
35925802
36077257
36096316
36164258
36215737
36269540
36402852
36502615
36677062
36723135
36730408
36793902
36796357
36938936
37050407
37126118
37326850
37381625
37493370
37552328
37586566
37628576
37677300
37755648
37894654
37930486
37937906
37962407
38015971
38077911
38198752
38389816
38395247
38460791
38473448
38600630
38686392
38771029
38866585
38892245
38967829
38996656
39106027
39138084
39163707
39292775
39343871
39403105
39448131
39496958
39523306
39536654
39622920
39636313
39650374
39664581
39826225
39863063
40021206
40026931
40049995
40162510
40173652
40204071
40277141
40300088
40328215
40378869
40509106
40568960
40716024
40787809
40863086
40952376
41009182
41037403
41042853
41280410
41314706
41428311
41446365
41483814
41509760
41551232
41588284
41629848
41720259
41809939
41820315
41900542
41933728
41996611
42153845
42249354
42294768
42369892
42552514
42796262
42880856
42888926
42896067
42963524
43193923
43284228
43418471
43564506
43800561
43840216
43889581
43913617
43919102
43946914
43964546
44008416
44084974
44128490
44291612
44444024
44469829
44549273
44569441
44670737
44727569
44927888
44961232
44974127
45024291
45219855
45400664
45407210
45503951
45605384
45663594
45910939
45914893
45970832
46113364
46127276
46172823
46350654
46393272
46567738
46707528
46752615
46862044
46928294
46953664
46968676
47014567
47021304
47035394
47246206
47285207
47294744
47352324
47399498
47411811
47514982
47677420
47781979
47817722
47836621
47842213
47890616
47945679
47959651
48030768
48072572
48098682
48116694
48121284
48145440
48162419
48234254
48235824
48288222
48294392
48379430
48530528
48705982
48814629
48840891
48845492
48862538
48950965
48988536
49148602
49256594
49278348
49526086
49536186
49658489
49821282
49826658
49977622
50053401
50135266
50213412
50252542
50296235
50405514
50435378
50468736
50491467
50537723
50561048
50574244
50601386
50617909
50657922
50664663
50682349
50733813
50826216
50988207
50993463
51113844
51130019
51138363
51207727
51219512
51279818
51289211
51330869
51353796
51425588
51459753
51472827
51481138
51631655
51648525
51659207
51712166
51894433
51928600
51987035
52031920
52058454
52105614
52122578
52169680
52265471
52475599
52580017
52614573
52703648
52724763
52766901
52785968
52812091
52906228
52974573
52980315
52987911
53079947
53126932
53177292
53231559
53286866
53337144
53354086
53397801
53408604
53637809
53680798
53743327
53845595
54088359
54100161
54213647
54353602
54475736
54532143
54580407
54605164
54692842
54788156
54812080
54818696
54992054
55078788
55234949
55276273
55293110
55374785
55420141
55503756
55533992
55572584
55637955
55656344
55707331
55725559
55785060
55839620
55949159
56004231
56048382
56076552
56098636
56240323
56242729
56278273
56325524
56339804
56344739
56410193
56424317
56444121
56528543
56548189
56600536
56633724
56638209
56705102
56782318
56811322
56832582
56888686
57020654
57123887
57234419
57370102
57440674
57495662
57502105
57516375
57593877
57603736
57615616
57643661
57678666
57684730
57875458
57964148
58013355
58038631
58050046
58055405
58069785
58124257
58150354
58160121
58163510
58188493
58201023
58213443
58267352
58316597
58344380
58411346
58565589
58599740
58679969
58791850
58843236
58894814
58916461
58931994
58961136
59001774
59059701
59073502
59092755
59190157
59197384
59289744
59346789
59350857
59380027
59418024
59503437
59619867
59736611
59839077
59846050
59906997
59915044
59917992
59920287
59945929
59954242
60026390
60065410
60152079
60159211
60254483
60260646
60353811
60370609
60379424
60395890
60482709
60548301
60576451
60641843
60699972
60812975
60850451
60873481
60879882
60911655
60939901
60960419
61011589
61059367
61066207
61100178
61103676
61369926
61492991
61497818
61581832
61619502
61622078
61645848
61683370
61699533
61747672
61756653
61816792
61948399
62049314
62059569
62106289
62141671
62169666
62308479
62454640
62458922
62534414
62554231
62643360
62697182
62801425
62834866
62889890
62964346
62993636
63024715
63033829
63044742
63100099
63184235
63228522
63408834
63414171
63417757
63421840
63438575
63440891
63477476
63500987
63542889
63559035
63615103
63643683
63706883
63708764
63717880
63720526
63809903
63971525
63978013
63992802
64043362
64060844
64079631
64104210
64179508
64260254
64345824
64352524
64406171
64425065
64503324
64508856
64523187
64532161
64539397
64635658
64703837
64729303
64772235
64788309
64820993
64837084
64993427
65022868
65032869
65039167
65040043
65109996
65159830
65210167
65273912
65397159
65454920
65563372
65618927
65620093
65637781
65728903
65745140
65749319
65759244
65777522
65885139
65914811
65919819
66017153
66103557
66117413
66122374
66133972
66184785
66204511
66205286
66206027
66211785
66281782
66284085
66408638
66452971
66506832
66579638
66591926
66609732
66630026
66743909
66797275
66803639
66846769
66866670
66878875
66883225
66918179
66948464
66994881
67038305
67061329
67103984
67156961
67165364
67168564
67170618
67205957
67220637
67358302
67368619
67379912
67444032
67472633
67482523
67494366
67548020
67593269
67694876
67696926
67812378
67875099
67930621
68069555
68100043
68104717
68136206
68146796
68210781
68293935
68327490
68342602
68372232
68384162
68420810
68442407
68450755
68513561
68567279
68636975
68659939
68671082
68721328
68728717
68741156
68767165
68799089
68803340
68818336
68852904
68862118
68869416
68873432
68884376
68904626
68932321
68938961
68962489
68987461
69069193
69132938
69142158
69146311
69175072
69179651
69182239
69209143
69285662
69373878
69415347
69438202
69444162
69467997
69497958
69515717
69572325
69580731
69620944
69635187
69685240
69696779
69699470
69767099
69812228
69964201
69974818
70070687
70154336
70157379
70227405
70321336
70358033
70361798
70367728
70378370
70382944
70447777
70526676
70544399
70552218
70595800
70633377
70640674
70645351
70664654
70687371
70772467
70777110
70816368
70843981
70873827
70897371
70941594
70982979
71033558
71050534
71063831
71114980
71198463
71210228
71220201
71235912
71363426
71366523
71392847
71446798
71475631
71486627
71522011
71560742
71670375
71882537
71889072
71901979
71978897
71990733
71994620
72015313
72038503
72079288
72090895
72145397
72156841
72251774
72256534
72277806
72289599
72322126
72398919
72437643
72448947
72459422
72495322
72553108
72567221
72593164
72692674
72727359
72754786
72770284
72903987
72975956
72990880
72992187
73037354
73043200
73053700
73089489
73107796
73114286
73268507
73288734
73375355
73380066
73397399
73404917
73429151
73526231
73527066
73576736
73684099
73694205
73749422
73777424
73783749
73824251
73858424
73863660
73892060
73929246
73958098
73976928
73990956
74002359
74019265
74069122
74075756
74083558
74086821
74230206
74264570
74274507
74365374
74422543
74435419
74465516
74468908
74473720
74505365
74525094
74539876
74696797
74713372
74778300
75033417
75073655
75095115
75147501
75206961
75215739
75235469
75239522
75266877
75375001
75379443
75435118
75441777
75453313
75462399
75475876
75478253
75513227
75554143
75558617
75589413
75625694
75627237
75629072
75691346
75734611
75752159
75774766
75782887
75798283
75808192
75812452
75834683
75858643
75862128
75882909
75886950
75928266
76002063
76004772
76019506
76084263
76086770
76094712
76099918
76135483
76166899
76167692
76199847
76234468
76323825
76380570
76483788
76601095
76602331
76649748
76769481
76781192
76805740
76816273
76915705
76923354
76950825
76996714
77025720
77054863
77069046
77101650
77130475
77146259
77186867
77203433
77211083
77211679
77260108
77280110
77506373
77525493
77584228
77612202
77625418
77644505
77648718
77736970
77828182
77836415
77893225
77920242
77943564
77989908
78011658
78059694
78102858
78231437
78242589
78328236
78383126
78429086
78430031
78456501
78481708
78539018
78579723
78580522
78586155
78589785
78592060
78607194
78613500
78706165
78730442
78778279
78821443
78835791
78870090
78878697
78905900
78927965
78944277
78983734
78987923
79035610
79055477
79207061
79220196
79282158
79291926
79300502
79330218
79376025
79401580
79402335
79408190
79444040
79450692
79485018
79490787
79524087
79531653
79573242
79621207
79626188
79668903
79724155
79873473
79902600
79908607
79912495
79937867
79996926
80005909
80007657
80013541
80032456
80039047
80046834
80137034
80184496
80190529
80255351
80316427
80336516
80349694
80389646
80499772
80533471
80539916
80556227
80641767
80674640
80684601
80713414
80748951
80749506
80752565
80851163
80889807
80898049
80904020
80958713
81013485
81020046
81037545
81043580
81168472
81181835
81198861
81216729
81227997
81273731
81323063
81332269
81346405
81377268
81381714
81428348
81451090
81458333
81470676
81490806
81521486
81539291
81568420
81571128
81597783
81616625
81627094
81667853
81706612
81824334
81865359
81900586
81917321
81925746
82001743
82054198
82127955
82172245
82251504
82282597
82440407
82505062
82544158
82545995
82584802
82635434
82637076
82667009
82783037
82800633
82803659
82808797
82822085
82846336
82966258
82967619
83016876
83098299
83122757
83174898
83245791
83254608
83260959
83312056
83337381
83355303
83360354
83386865
83398585
83430055
83465256
83504209
83508941
83528154
83538774
83604011
83624195
83639510
83644050
83706274
83708604
83716321
83741484
83746681
83832446
83838031
83859397
83865072
83907315
83957157
84063566
84106303
84124732
84202201
84264468
84285805
84382599
84424973
84486797
84658254
84690098
84915295
84964507
84979132
84987348
85024168
85140389
85150267
85269488
85379089
85398138
85409753
85482309
85537585
85539821
85549577
85616136
85636287
85658671
85664697
85693806
85696789
85698189
85706136
85765211
85798788
85823044
85837872
85844157
85848045
85861763
85881714
85891808
85900145
85925272
85968777
85980231
86049782
86056560
86074034
86101639
86118018
86127368
86176892
86186979
86237416
86271199
86357085
86373188
86379063
86395612
86485085
86624161
86650580
86667475
86704000
86790142
86821555
86824048
86827879
86831355
86853113
86882463
86954028
86970077
87000994
87137862
87179140
87207287
87256870
87260726
87318494
87379110
87386792
87395218
87411576
87434075
87503156
87560012
87630916
87651220
87659368
87662775
87719616
87726485
87749405
87809978
87827970
87876434
87946367
87986583
88066715
88076863
88118793
88199421
88237473
88249925
88412470
88418120
88450276
88476160
88482446
88521566
88548046
88580370
88604411
88692618
88698769
88704115
88716101
88813480
88820982
88825113
88843432
88904975
88952717
88979514
88981823
88987079
89005622
89010211
89017517
89019648
89057119
89153356
89166162
89172283
89233360
89238362
89263667
89279863
89290112
89333827
89351237
89372153
89402122
89549799
89554009
89637382
89658250
89748375
89750481
89763500
89777862
89802091
89834027
89863664
89892971
89905583
89921693
89925929
89969275
89980032
89987457
90006066
90016214
90057816
90079710
90096586
90143914
90226512
90233392
90242496
90263779
90265516
90270169
90308877
90317374
90392087
90399210
90412568
90456987
90459312
90477305
90478928
90506167
90512693
90519772
90530013
90562874
90568209
90589306
90607961
90617441
90625921
90643490
90672589
90743013
90791130
90814835
90871816
90920096
90947110
90953741
90955916
90993885
91057369
91071504
91079782
91084723
91089601
91126790
91157031
91211676
91232532
91261610
91264939
91285094
91286255
91288746
91322634
91408068
91415098
91459010
91538217
91556492
91569981
91574644
91643595
91663249
91676596
91769474
91775972
91812833
91937439
91967340
91976019
92008268
92009581
92023952
92053283
92056516
92079911
92111335
92138977
92154982
92210132
92213435
92255057
92303171
92304746
92310638
92448963
92480485
92510735
92550847
92576673
92580483
92598956
92605006
92625382
92688486
92698419
92717265
92727699
92753638
92762332
92765723
92780331
92784978
92812114
92920069
92938341
92944792
92949471
93046082
93054101
93093662
93113362
93142987
93144558
93167762
93179657
93206253
93239581
93401204
93458398
93477876
93551519
93613383
93613849
93616284
93624160
93651854
93671750
93680210
93687211
93690352
93697400
93719243
93758019
93767280
93789801
93798288
93807377
93832235
93845688
93859339
93875873
93900085
93908122
93923559
93988258
94014426
94097957
94126221
94134070
94233186
94236247
94244052
94306117
94318262
94367853
94413665
94429393
94443540
94466344
94469247
94480189
94521760
94522929
94531341
94573521
94610798
94633512
94684170
94701710
94705748
94824522
94911991
94954298
94969026
95022577
95057975
95095434
95133089
95176247
95180714
95196144
95210077
95275406
95297312
95356609
95438120
95460285
95498702
95511128
95516008
95556003
95566906
95597807
95610881
95675361
95701290
95744629
95771786
95849947
95862493
95874840
95895454
95973605
95991914
96009027
96048378
96057107
96143850
96151568
96157479
96215068
96235308
96275191
96293874
96300550
96323367
96387202
96421350
96433027
96439610
96445374
96448305
96506391
96591280
96632626
96728116
96769674
96871966
96873925
96898276
96909606
96912072
96980607
96995940
97009685
97048509
97055874
97113711
97115326
97160829
97176413
97192171
97229300
97264073
97272065
97291772
97306119
97334439
97385146
97386235
97387990
97401917
97403745
97564061
97577587
97604108
97628753
97699804
97705088
97745461
97751394
97785791
97875600
97887510
97892639
97902156
97940663
97965434
97995743
98036322
98051953
98124686
98174063
98193040
98214561
98237214
98317378
98321085
98324315
98339103
98356088
98375511
98400855
98460094
98464033
98514225
98541435
98559917
98590321
98611783
98623571
98665649
98670928
98676487
98680377
98745734
98755284
98776622
98780245
98802126
98807928
98813041
98829605
98839993
98890092
98895778
98927635
98944797
98953892
99004752
99009619
99061368
99116871
99134076
99175080
99192932
99292908
99327698
99348155
99350452
99356947
99364796
99402166
99422963
99445674
99459182
99470232
99492676
99520322
99551005
99666191
99680021
99697962
99701095
99703772
99718270
99799926
99812806
99821267
99859346
99873584
99918771
99949349
99971015
100120669
100151903
100187287
100208395
100244519
100380631
100399912
100513735
100536290
100556076
100566597
100568689
100577317
100625733
100645589
100685093
100714208
100739426
100746659
100792459
100809850
100895995
100920023
100974237
100985842
101084289
101089855
101165489
101226535
101256646
101291327
101301176
101328991
101449013
101456117
101479185
101548209
101554618
101579397
101655520
101660615
101677398
101680011
101698890
101704227
101780092
101838917
101870632
101966365
101972195
101974482
101979950
101982932
101984338
102033358
102038413
102039967
102051378
102078126
102120160
102134939
102231970
102255332
102279994
102330867
102348476
102349457
102387603
102394679
102473962
102547903
102565328
102610057
102645131
102649611
102665585
102692202
102789626
102815300
102827603
102836738
102866941
102885078
102886664
102906226
102930617
103010842
103040288
103050582
103064019
103086745
103087330
103100099
103108720
103117375
103124692
103169617
103230384
103239514
103242416
103247025
103260265
103329534
103388051
103422558
103461823
103477462
103487854
103500091
103501131
103502210
103511182
103570514
103589985
103596820
103608242
103645822
103654782
103718533
103742894
103759733
103938582
104079224
104080555
104089191
104104954
104148955
104255749
104260128
104293875
104322543
104323143
104332064
104333519
104344973
104371775
104393881
104412631
104430270
104467754
104470675
104493045
104568719
104572482
104584252
104589086
104619807
104648325
104666048
104668471
104673206
104745367
104863977
104882545
104905777
104928366
104942373
104963942
104979956
104998500
105087421
105176049
105218078
105237121
105337590
105345055
105362347
105366776
105394567
105410072
105412209
105474188
105476101
105520307
105523077
105525095
105555453
105581844
105601879
105632929
105673467
105685815
105690770
105700583
105714452
105750850
105765793
105848345
105854404
105859851
105861811
105870292
105903555
105926444
106031210
106091264
106095255
106117946
106150443
106195521
106218421
106253421
106266531
106327169
106338969
106367614
106422734
106427200
106474526
106512435
106543353
106584936
106598469
106602974
106614581
106614981
106622810
106670946
106674011
106723523
106760803
106774275
106783661
106842828
106853188
106859769
106886806
106908582
106945559
106947016
106959821
106963896
107019729
107036963
107063840
107074710
107091146
107118781
107134558
107178409
107190552
107205153
107215188
107217606
107294426
107310083
107366007
107367387
107371589
107381364
107412652
107413520
107423484
107460710
107489425
107520595
107582138
107672195
107697570
107832216
107906430
107914293
107933094
107933706
107948278
107961909
107965748
107976622
107993802
108022207
108032945
108075426
108096255
108114451
108148744
108156180
108156868
108180467
108235061
108251667
108252304
108324841
108328634
108343108
108345282
108388647
108413017
108453354
108459844
108474450
108481894
108527573
108532251
108547793
108556038
108562005
108566820
108599488
108680610
108681522
108724217
108809171
108872483
108919230
108986805
108994337
109019786
109036184
109043883
109076947
109100814
109148137
109162236
109262827
109265886
109317738
109337276
109367401
109372266
109389792
109474683
109481158
109485028
109493642
109555377
109570517
109617918
109636642
109658829
109673076
109673911
109677108
109687947
109709751
109741749
109748956
109756144
109766331
109794523
109811005
109825191
109846547
109860774
109930785
110013316
110015020
110040918
110047628
110154410
110186758
110266087
110270127
110284835
110382003
110424901
110449329
110489115
110501840
110521063
110531757
110547139
110563828
110575676
110599533
110700082
110709899
110758046
110780164
110782484
110807888
110839446
110893074
110964482
110981823
111004955
111012925
111090841
111106768
111136557
111158580
111179183
111253399
111293939
111298271
111326158
111361314
111389151
111402892
111404218
111439998
111454313
111506095
111519592
111521566
111566119
111592054
111610321
111642198
111663450
111770128
111830332
111842378
111874963
111922315
111927290
111937979
111939257
111948856
111961202
111998599
112010669
112036069
112083664
112099717
112111457
112113071
112133852
112155770
112160933
112202424
112235442
112251014
112283490
112305184
112328379
112392586
112408387
112415928
112432916
112488425
112520216
112522456
112524522
112582344
112591588
112592683
112606536
112607959
112615555
112618035
112623940
112627452
112646172
112651902
112661037
112665206
112694233
112755477
112771007
112807299
112882717
112964670
112966084
112968567
112976992
113040666
113048589
113056097
113056502
113073875
113076042
113114149
113214059
113247915
113269896
113276494
113282182
113284120
113292981
113297549
113321790
113326715
113442944
113443825
113448085
113452212
113509400
113523378
113583671
113658816
113659344
113672129
113701113
113786654
113796218
113813256
113855526
113899898
113932821
113942169
113963651
113968473
113996773
114048544
114062253
114116417
114149136
114248409
114269443
114290749
114360673
114365447
114390794
114393125
114410184
114427167
114448073
114455338
114496370
114506810
114514243
114526770
114536465
114577595
114585157
114604310
114635977
114725485
114738997
114781790
114785076
114791319
114797004
114829044
114834955
114835744
114894612
114901121
114904506
114908394
114920759
114934442
114960262
114966762
114985752
115000574
115036425
115054267
115086274
115112650
115123962
115166571
115178950
115186220
115194105
115215788
115268829
115396516
115399830
115449632
115495007
115558933
115561023
115573892
115587096
115602675
115604019
115605667
115618242
115639518
115664222
115674330
115712683
115715979
115719887
115795800
115831311
115843900
115848915
115852817
115883742
115890114
115898578
115928002
115958651
115960379
115999750
116028575
116056356
116076920
116141865
116146036
116156194
116201363
116203086
116233121
116234095
116281045
116314950
116362279
116364625
116380961
116411163
116453061
116492988
116500041
116598184
116607951
116610654
116630901
116714718
116733760
116780095
116802900
116827124
116841599
116845239
116854932
116867989
116887580
116920014
116935278
116969041
116975111
116980518
116982688
117017312
117025581
117074245
117081399
117106107
117108562
117126336
117182788
117227725
117233420
117268616
117288769
117316758
117356263
117370546
117375489
117410392
117485201
117488298
117549468
117584603
117608161
117609543
117616410
117623774
117639229
117643900
117648978
117651250
117652474
117704655
117763547
117766845
117795135
117802778
117821707
117836619
117890001
117891925
117919222
117973206
117976624
118037381
118042766
118068337
118106223
118112180
118141716
118146565
118168158
118183002
118191103
118209430
118217580
118257234
118260942
118286614
118300041
118381672
118382802
118413414
118485085
118516205
118531567
118549363
118668398
118784460
118794679
118829754
118857746
118861414
118861948
118868035
118881653
118909703
118918382
118927843
118940433
118941883
118970326
118976708
118977749
118983969
118989992
118994766
119005011
119008974
119049849
119063268
119065601
119096048
119097540
119143316
119191351
119215486
119262093
119306676
119328399
119333184
119414092
119426969
119430875
119457902
119493810
119526570
119574758
119585703
119591351
119599823
119610826
119651357
119683855
119693313
119723941
119765594
119833221
119834737
119887746
119902817
119928348
119939803
119962194
120002366
120011846
120016028
120028975
120038830
120090511
120108373
120125353
120128264
120146652
120190103
120202750
120222221
120237241
120255126
120262312
120304943
120308863
120311286
120327831
120335526
120361457
120367078
120439503
120486604
120509608
120515410
120562336
120564666
120572253
120600508
120618602
120629968
120663302
120672357
120677998
120721587
120739781
120778071
120831950
120892897
120926830
120961618
120971629
120979987
121048635
121080431
121081123
121088797
121103154
121132351
121174291
121178118
121186212
121194892
121208995
121243849
121245263
121302390
121311150
121392618
121441834
121447120
121513740
121525004
121531517
121539818
121546676
121566784
121585192
121592619
121594040
121597204
121614670
121659546
121682645
121687015
121703478
121706104
121714205
121735170
121737747
121758225
121779230
121832051
121851849
121869481
121888056
121935562
121975934
121998931
122012311
122086845
122112229
122142877
122146526
122158694
122182096
122195522
122295145
122322773
122354800
122440634
122467878
122500673
122573759
122584717
122604887
122628659
122662847
122701287
122786081
122794001
122839414
122875048
122898936
122913203
122942907
122958762
123016967
123060845
123083183
123094053
123098773
123099865
123110735
123137783
123162867
123191598
123238892
123256027
123262795
123270953
123275392
123304760
123317894
123342260
123345366
123379094
123387485
123446547
123454933
123465602
123466635
123473609
123492211
123539399
123546606
123578917
123582996
123661206
123666702
123673311
123738745
123766398
123839084
123882532
123891877
123923799
123933189
123978321
123989630
124005708
124061668
124078937
124091381
124093419
124196572
124230222
124307248
124410976
124435288
124452459
124458957
124473875
124491736
124514216
124525619
124537647
124609042
124649718
124668576
124704328
124722398
124758488
124764839
124810181
124859975
124879680
124937159
124957834
124960056
124976903
124982850
124984111
125055036
125115037
125118926
125127176
125160907
125174086
125188044
125195874
125237910
125271909
125279268
125315169
125406358
125409541
125417597
125477439
125493415
125533755
125536498
125554437
125575408
125617525
125619203
125627217
125683657
125729960
125754347
125777697
125811561
125819928
125827852
125828231
125867374
125905987
125908212
125920965
125931230
125936822
125964609
126015318
126019299
126035095
126046329
126048207
126066306
126068964
126087179
126181111
126218442
126228880
126236151
126265303
126294881
126323422
126339197
126346137
126387707
126398605
126435477
126458107
126491859
126502232
126512073
126533962
126534442
126541580
126552312
126603034
126620209
126641184
126669627
126692682
126719582
126720601
126732521
126741843
126799071
126804065
126871282
126902487
126925718
126943255
126996323
127001939
127057775
127067979
127107760
127121772
127130759
127134640
127176266
127210108
127221159
127222895
127240840
127246779
127277944
127311082
127313080
127340484
127346705
127347387
127382876
127402711
127408919
127423717
127434928
127530366
127545606
127615069
127618677
127638434
127662835
127690191
127703063
127712538
127728194
127782772
127805229
127844103
127868406
127883091
127906613
127911836
127916401
127960029
128015555
128025296
128038509
128094989
128097324
128112239
128125986
128141163
128168806
128170896
128174195
128182428
128240826
128294798
128301754
128304721
128313628
128398623
128405269
128411934
128450248
128475997
128488411
128511358
128611318
128625493
128656511
128712230
128750246
128763327
128777897
128787208
128811294
128828717
128855694
128865270
128892560
128939120
128942701
128945998
128956386
128984181
129015891
129075117
129119749
129171974
129179848
129214323
129215451
129269012
129282740
129286744
129304413
129382050
129414728
129429971
129474341
129490129
129500280
129566387
129575035
129588895
129590780
129593706
129686179
129699319
129712573
129722319
129732227
129764526
129767102
129772267
129832743
129841849
129844342
129849074
129889520
129891408
129929385
129966210
129973666
129982929
129986007
129999960
130040303
130050413
130077715
130099521
130101966
130141115
130162708
130197148
130215919
130217670
130219222
130222820
130235699
130246130
130306118
130318404
130334523
130340687
130381930
130424138
130439463
130443580
130448766
130458465
130483266
130493298
130507449
130523332
130526080
130543212
130574525
130582698
130594702
130612223
130622922
130634609
130638540
130653484
130681203
130727837
130771824
130775072
130805792
130824646
130836472
130883296
130900834
130917900
130925430
130982673
130988824
130999511
131002152
131024435
131039597
131064302
131078881
131083507
131096762
131163888
131292858
131301357
131324762
131389900
131407828
131446472
131447630
131453098
131456087
131495983
131507000
131511838
131514832
131527786
131559206
131568025
131581217
131610530
131615202
131626891
131642337
131649025
131662417
131671803
131672634
131673513
131690864
131697143
131752316
131758060
131759817
131762593
131803058
131804302
131817026
131832269
131833051
131846399
131888068
131891828
131895996
131947606
131951028
131970496
131976461
131996946
132013777
132025607
132055413
132067434
132081994
132113190
132165850
132204176
132273344
132288864
132317035
132320138
132350208
132362340
132409611
132418787
132457354
132468661
132478848
132488512
132496908
132508958
132551230
132575902
132585657
132590350
132602020
132633205
132650653
132651092
132670235
132725531
132732502
132747959
132781138
132810067
132865585
132873477
132878877
132941847
132957934
133001849
133015753
133019975
133031721
133041883
133064098
133069396
133176883
133181934
133207606
133217908
133249294
133266059
133307620
133321573
133363903
133385453
133388387
133396703
133398904
133403489
133412160
133416545
133431027
133435438
133448390
133491853
133498288
133509791
133524962
133529169
133553434
133577717
133579564
133626823
133633375
133634709
133647285
133672674
133718404
133722385
133733278
133734159
133778578
133794002
133796569
133808285
133822478
133825718
133830557
133838240
133867743
133882145
133888238
133889865
133896571
133916675
133929297
133935605
133977502
134015747
134021405
134034809
134040653
134091095
134091672
134107544
134127676
134146960
134178823
134193036
134212407
134237326
134261771
134275774
134319488
134330147
134331856
134335579
134336523
134351144
134364996
134378682
134403823
134415076
134444669
134455812
134459155
134499969
134519469
134520667
134548033
134549688
134554716
134602022
134614442
134615849
134618060
134671513
134673726
134696388
134708786
134732356
134744269
134749415
134758127
134760158
134768470
134838427
134850078
134890063
134909920
134980959
135030250
135046249
135059521
135123765
135127621
135142168
135215966
135219468
135223664
135278055
135279770
135291366
135307184
135310322
135315249
135316189
135317608
135322123
135329471
135331444
135340991
135346645
135367956
135370129
135417326
135421942
135434276
135502781
135522479
135526634
135536130
135538476
135542781
135564041
135582844
135593577
135594127
135597575
135645907
135674590
135685771
135708651
135719977
135726694
135731329
135743061
135745512
135790059
135830166
135855259
135858215
135874280
135886425
135928932
135945538
135957401
135960121
135978420
135987184
135992293
135996349
136013289
136017103
136020246
136029510
136058750
136061059
136082889
136086700
136097606
136123465
136130942
136136133
136168783
136180971
136194594
136211306
136220379
136261161
136263088
136265617
136288781
136296217
136309764
136318286
136325955
136382344
136389000
136403917
136427211
136439813
136482346
136486435
136510995
136527770
136532310
136539787
136546281
136552965
136590410
136598876
136617865
136627019
136652696
136653646
136673945
136677507
136710368
136723720
136731170
136778264
136791648
136811464
136819685
136824907
136831160
136841443
136856807
136862412
136905004
136928397
136941026
136980810
136992108
137079931
137103219
137106207
137123075
137167834
137185788
137200392
137232341
137260773
137300782
137322003
137330896
137340433
137369491
137399180
137443824
137454722
137477575
137493304
137517847
137520020
137529766
137540281
137546767
137556698
137585832
137594062
137611758
137624819
137647326
137674128
137756281
137767200
137772404
137779424
137824119
137835690
137863370
137896657
137900547
137947842
137966332
137984806
138082387
138121395
138152018
138170358
138236775
138264977
138267479
138276063
138287524
138316185
138322431
138388371
138393947
138400374
138449325
138489658
138511028
138512088
138524184
138525448
138543679
138552890
138555543
138588475
138606296
138613647
138637026
138638613
138661801
138678851
138692529
138703436
138706532
138734548
138761847
138774571
138803181
138809029
138817023
138848408
138852094
138855497
138907760
139017692
139046586
139050097
139092532
139102508
139103172
139173615
139190371
139199589
139203951
139205482
139208395
139210675
139215174
139254803
139261949
139287466
139307825
139313811
139351095
139364426
139378554
139379873
139419205
139425077
139504204
139546490
139567132
139578250
139607634
139639814
139642099
139644495
139655115
139725259
139790431
139818599
139832411
139835759
139862080
139960863
139961612
140030593
140046134
140077049
140125673
140142247
140195685
140211831
140219034
140227335
140250135
140251984
140270768
140284594
140285610
140288611
140298179
140306353
140336565
140338653
140376050
140389082
140409449
140434453
140437616
140438394
140442285
140446663
140453962
140467952
140490851
140528456
140550093
140572360
140573665
140578946
140597357
140616942
140632823
140675408
140678234
140681922
140684001
140700062
140702951
140768095
140769279
140773812
140820723
140837547
140867107
140893500
140909393
140918346
140958358
140964326
140969432
140979508
141006956
141012951
141022564
141034025
141045901
141047351
141050779
141064831
141074327
141100668
141107212
141110617
141134720
141158733
141186856
141198554
141201573
141267396
141293897
141335183
141356045
141371837
141409485
141412533
141420208
141423696
141442326
141466451
141479008
141492385
141496412
141519227
141552845
141612846
141671231
141699071
141710273
141749415
141801061
141805544
141814886
141837177
141853514
141856136
141860705
141863219
141879086
141912936
141940547
141943874
141952492
141958052
141960857
141979233
141999729
142027785
142063693
142077325
142088644
142111896
142124702
142142438
142166677
142200679
142233132
142272068
142289134
142309577
142313324
142326180
142351323
142380674
142428292
142445400
142455533
142459123
142523706
142525785
142536483
142542517
142547223
142554677
142581013
142615246
142621705
142665568
142668456
142677950
142730380
142735609
142743277
142743941
142769240
142773725
142835363
142868642
142910379
142917199
142926445
142954094
142974326
142979025
142980257
142989165
143039032
143102294
143109368
143163537
143209810
143211381
143229356
143237062
143237695
143243697
143253218
143292564
143398249
143411768
143437612
143474445
143476822
143533583
143569006
143594371
143597315
143605960
143609140
143681497
143689105
143698180
143704256
143714622
143718202
143735980
143743321
143745565
143755488
143763881
143774326
143778400
143796178
143828657
143843623
143929922
143950406
143960020
143966055
144040556
144050663
144061187
144062891
144076862
144090292
144102094
144114171
144117866
144126383
144136836
144137618
144165921
144172041
144181404
144225465
144301304
144303383
144306911
144329087
144332454
144363106
144387926
144388562
144408772
144427352
144480739
144488992
144518353
144537441
144552855
144586476
144614961
144640678
144653689
144695873
144711916
144723556
144774923
144786832
144795235
144817550
144837652
144838428
144868976
144887986
144926293
144965052
144969209
144975040
144996389
145046225
145074988
145119321
145119694
145134039
145136489
145144416
145153119
145156717
145166637
145182629
145220435
145222708
145232420
145236468
145249822
145278147
145279074
145280482
145283527
145295252
145331578
145366320
145428379
145458248
145470397
145474051
145526336
145533297
145549636
145551723
145584051
145609924
145618652
145634381
145658082
145699511
145739526
145769565
145801227
145822753
145848812
145856408
145881929
145884295
145887719
145896944
145898419
145927314
145928426
145932406
145945615
145958800
145990171
146004451
146031689
146048840
146059343
146070624
146106644
146115093
146133202
146144763
146147321
146156949
146158325
146169123
146174320
146189254
146200607
146202634
146210149
146211951
146245132
146248671
146261300
146277081
146292868
146302126
146307898
146312548
146333503
146362176
146377370
146378902
146382746
146407169
146449535
146456128
146461274
146469782
146481073
146486913
146503813
146519973
146558326
146642727
146675137
146692471
146712270
146751407
146755753
146771143
146813993
146818584
146826695
146835864
146845509
146886933
146903359
146914725
146926499
146938965
146957870
146984189
146999637
147003631
147029265
147054240
147060409
147076695
147110203
147120401
147157390
147159695
147160689
147168216
147216375
147223216
147244441
147312228
147314907
147331304
147388445
147400991
147407026
147412437
147415342
147427603
147434580
147447219
147461566
147473206
147488760
147508827
147523084
147560602
147578381
147612232
147614673
147652549
147669083
147676454
147681053
147703557
147720840
147738136
147746510
147791788
147826240
147828305
147835682
147845463
147863221
147864980
147888026
147891419
147936900
148003455
148013673
148016196
148031571
148032199
148040965
148052119
148058876
148063309
148076837
148080846
148085812
148111334
148123430
148124893
148146259
148169423
148177264
148216237
148229745
148265340
148343259
148345564
148375813
148383197
148387124
148404046
148407833
148427480
148457124
148461859
148467142
148469399
148502771
148513809
148526397
148528791
148551439
148567242
148578788
148581556
148597383
148614088
148641795
148646453
148649696
148671508
148678591
148684914
148709552
148730808
148742963
148749806
148766457
148785415
148837403
148841861
148867281
148869123
148869956
148877703
148894938
148897588
148921780
148943709
149038841
149046626
149128083
149135120
149137935
149138408
149141524
149167427
149172221
149201910
149211006
149222724
149248948
149261722
149268749
149269436
149278410
149298613
149300859
149313149
149319333
149337551
149348705
149377782
149383450
149412783
149496979
149507929
149535367
149551445
149585392
149614166
149680299
149689896
149703276
149712067
149712933
149731328
149762258
149767739
149802418
149810514
149814023
149819724
149878123
149893053
149893442
149895703
149905223
149909784
149934472
149959946
149998697
150008010
150044349
150066690
150071427
150080318
150084773
150092072
150093182
150107948
150108293
150111309
150120880
150144901
150165226
150194315
150220146
150227397
150282967
150286027
150291346
150299044
150318089
150331371
150386406
150390015
150396990
150407057
150412243
150433585
150455058
150465685
150489127
150530009
150538206
150592666
150605646
150611558
150648939
150664467
150670631
150683985
150685706
150691787
150739967
150747051
150769216
150803952
150806217
150809758
150825326
150833452
150884588
150885689
150899207
150919204
150924479
150975043
150983157
151005003
151020870
151046601
151052613
151065895
151079448
151087322
151134531
151146691
151147319
151162562
151164693
151185055
151203096
151204060
151207527
151209650
151210220
151234670
151255533
151282617
151293149
151296596
151312523
151359537
151366843
151367250
151378481
151386723
151412013
151417828
151428975
151437547
151438873
151446005
151511124
151524432
151530805
151539628
151592399
151620409
151623752
151634522
151647447
151677171
151688638
151692087
151702208
151742291
151745263
151747377
151748943
151778245
151780584
151789167
151795503
151831225
151854239
151866983
151890754
151911957
151920373
151924580
151963707
151965295
151972940
151976027
152025193
152078949
152090876
152104581
152112899
152117122
152154570
152166085
152190588
152192062
152231537
152235918
152258937
152299805
152302026
152311656
152314414
152363082
152397043
152398971
152411773
152422164
152429926
152434119
152452384
152459816
152463458
152540103
152571079
152575311
152597670
152606473
152634078
152644815
152661569
152664211
152670443
152679068
152679550
152696092
152738048
152740567
152772164
152789580
152882504
152887778
152919485
152948655
152965157
152968532
152996850
153002621
153009248
153022012
153032414
153048102
153049411
153072045
153074100
153098957
153108839
153113458
153118165
153137064
153176679
153178858
153180799
153182353
153191870
153196244
153233486
153237039
153251318
153254011
153257495
153271258
153306322
153356186
153374456
153377825
153391721
153416771
153417308
153421668
153425185
153428443
153435376
153444353
153500682
153528397
153548434
153561716
153570367
153588510
153611684
153622552
153632817
153664191
153671943
153691037
153799865
153837533
153842168
153846842
153865309
153897066
153903455
153932326
153941767
153975497
154012726
154022983
154033391
154042423
154046182
154062933
154097139
154151211
154159956
154170601
154175884
154205963
154207942
154225635
154227340
154231075
154237598
154268754
154286694
154316010
154328748
154343713
154344527
154353229
154367785
154381511
154400326
154412336
154444705
154457559
154476953
154512596
154514024
154517003
154520186
154527434
154550699
154577132
154577755
154614629
154625377
154674664
154689699
154733067
154737701
154760369
154761836
154811084
154817624
154827641
154846180
154871288
154915634
154924907
154929865
154943433
154944327
154973616
154993112
155004433
155005737
155026492
155034872
155041265
155044721
155047644
155059389
155060452
155077002
155084489
155093102
155103316
155105437
155114263
155116086
155130600
155133259
155142914
155198405
155251822
155262435
155267796
155296733
155306774
155342488
155350473
155369182
155372468
155389955
155408145
155429270
155431938
155448134
155465298
155485985
155491729
155503632
155506188
155528464
155536266
155569190
155590315
155610457
155612941
155626710
155640199
155712806
155756995
155771584
155783129
155788015
155808569
155850698
155852409
155870839
155875608
155910256
155952588
155983541
156022859
156026014
156034613
156048278
156067281
156092912
156097938
156135175
156159692
156204442
156206015
156218688
156220742
156226135
156248870
156305782
156324543
156334616
156350341
156360309
156381616
156382120
156384563
156426395
156451177
156459576
156471037
156512787
156523388
156527993
156554031
156579923
156580247
156594890
156616817
156633113
156641078
156650062
156654712
156675008
156697239
156701688
156718492
156790568
156795476
156852215
156859794
156880842
156885056
156890599
156919930
156936017
156946687
156969979
157002712
157027743
157046356
157072825
157089205
157097143
157112399
157126190
157146369
157159636
157163357
157164882
157168701
157175012
157185602
157187200
157205011
157208553
157226191
157226964
157238712
157246893
157278557
157296720
157332378
157358571
157373855
157385602
157388151
157389289
157429442
157438046
157504789
157514813
157520902
157542705
157561340
157564702
157571982
157575633
157610656
157614521
157625391
157628773
157631848
157642898
157644856
157664193
157685047
157696144
157702310
157721423
157730079
157753088
157791521
157797167
157804213
157815915
157844661
157878941
157882919
157883552
157886230
157890609
157922688
158000022
158023440
158030907
158073282
158083480
158100507
158114704
158127781
158139024
158148398
158150236
158167933
158176900
158181825
158192775
158221346
158236044
158241697
158243000
158245128
158281399
158304238
158305271
158321969
158336410
158395960
158471384
158472991
158484343
158550198
158561571
158564344
158578218
158603815
158609771
158610865
158621003
158626254
158635595
158651897
158662685
158690191
158718735
158759015
158766614
158779097
158827127
158828414
158829544
158845036
158883884
158890813
158924608
158944615
158960113
158971923
158982352
159057396
159078378
159082672
159096290
159102322
159107083
159116826
159123633
159129682
159165980
159171512
159179920
159187491
159205477
159207696
159232965
159237527
159264480
159305253
159315329
159328038
159335924
159357377
159361743
159369955
159406533
159408395
159412325
159414344
159415796
159457730
159472290
159473474
159497183
159505661
159509805
159529562
159544088
159564226
159598958
159657349
159675859
159690390
159695424
159722111
159741168
159781408
159814091
159827389
159844807
159875584
159887449
159909249
159917580
159923049
159923807
159928984
159974223
160080217
160098089
160107018
160111503
160115828
160126275
160145425
160146588
160148307
160151700
160156855
160171994
160174613
160176252
160189567
160201067
160222699
160223577
160237498
160243239
160262588
160291473
160319461
160352878
160367980
160372030
160394582
160426008
160435408
160468843
160493807
160503725
160507221
160536112
160557620
160562134
160606094
160606962
160624822
160629027
160657980
160671351
160676162
160699300
160707503
160709471
160738447
160750119
160765513
160768407
160787134
160798936
160811223
160821925
160901040
160903283
160911807
160923325
160934344
160949561
160988308
160997101
160999955
161001259
161003708
161006720
161031890
161043976
161052230
161116944
161122063
161137744
161150323
161154783
161167141
161194349
161199937
161204795
161208124
161215534
161224115
161295529
161324930
161364701
161379251
161389792
161393563
161469529
161478124
161500800
161508762
161512673
161513889
161530005
161545173
161550881
161571871
161599562
161620085
161623972
161634066
161636609
161638837
161665938
161684309
161694499
161715052
161752166
161763798
161772226
161773356
161774056
161776290
161796838
161800485
161831655
161839251
161880397
161881484
161884997
161885793
161890666
161899720
161914873
161921074
161924281
161930549
161938061
161939614
161948244
161955714
162002582
162006510
162017878
162020041
162044688
162096406
162097874
162101228
162146893
162152769
162162697
162165503
162199894
162220457
162222870
162231514
162256912
162262880
162276251
162279705
162280440
162296912
162310908
162312767
162316774
162319500
162323348
162337314
162342703
162346270
162357091
162373010
162384301
162406917
162432880
162440403
162444216
162446052
162446840
162454183
162476845
162494440
162496252
162498701
162504584
162505567
162533970
162543415
162547313
162560853
162583423
162598704
162656177
162692873
162700145
162702824
162705835
162724529
162750670
162760615
162790172
162801322
162824198
162848336
162949467
162952680
162953647
162957866
162967117
162974370
162974988
162984449
163032872
163038545
163054498
163072203
163112205
163119943
163144627
163149662
163161445
163191567
163198461
163217047
163232753
163300344
163310328
163311459
163312779
163314076
163333525
163339191
163352219
163386100
163394055
163461002
163492957
163501039
163550388
163563610
163568241
163581995
163623668
163681024
163682579
163699470
163725073
163764704
163800431
163815964
163819174
163825458
163826548
163831224
163854949
163885308
163903904
163944026
163964365
163968957
163986992
164034513
164080903
164161295
164169668
164172536
164192128
164248851
164278193
164296163
164307412
164362277
164365000
164365544
164373565
164396551
164404068
164420729
164428736
164429844
164437191
164442157
164448154
164460273
164473318
164501187
164506722
164520975
164543745
164565953
164589458
164591348
164613991
164647714
164675548
164716638
164717114
164748947
164782630
164795420
164825490
164831761
164839285
164854676
164857320
164876247
164899619
164910998
164956995
164963549
164976574
165003638
165015241
165035808
165057503
165071839
165130473
165141672
165147076
165152536
165168552
165171985
165217536
165228205
165230815
165271530
165274763
165281828
165291285
165295437
165299726
165305400
165330793
165348650
165368318
165372349
165379481
165390184
165391258
165393579
165395075
165412386
165420255
165433258
165465758
165470473
165486179
165505798
165514269
165515755
165540949
165574873
165600551
165607560
165612725
165631645
165638539
165654951
165656360
165667434
165669696
165688841
165776186
165848729
165853687
165861356
165876644
165883197
165888658
165892461
165909432
165916368
165919499
165947209
165970053
165987565
166000373
166002248
166008480
166010277
166020346
166040301
166055272
166060523
166063162
166075396
166080349
166081640
166099942
166102025
166156697
166159070
166178985
166221220
166230650
166260764
166262813
166282004
166330749
166367168
166386958
166391326
166397279
166415216
166461262
166473433
166503285
166513117
166560104
166567521
166574290
166580705
166617658
166640010
166643168
166662012
166666218
166672876
166676681
166679221
166688425
166691360
166757762
166758936
166783810
166794244
166801021
166813381
166818124
166825828
166853790
166877890
166885337
166916699
166940852
166942721
